Select Processing Mode:
1. GPS-Only SPP 
2. Multi-GNSS SPP (GPS/BDS/GAL)
Enter choice [1-2]: Step 1: Reading Navigation file...
Loaded 25907 navigation records.
Step 2: Reading Observation file...
[RINEX] C Mapped: P1=C2I P2=C6I
[RINEX] G Mapped: P1=C1C P2=C2W
[RINEX] I Mapped: P1= P2=
[RINEX] R Mapped: P1=C1C P2=C2C
[RINEX] S Mapped: P1=C1C P2=
[RINEX] J Mapped: P1=C1C P2=
[RINEX] E Mapped: P1=C1X P2=C5X
------------------------------------------
Loaded 2880 epochs.
==========================================================
   MYGNSS10 Multi-GNSS Dual-Freq IF SPP (FIXED TGD)
   Active Systems: GPS BDS GAL 
==========================================================
GPST Time      Ns   PDOP    dE(m)    dN(m)    dU(m)      VE(m/s)  VN(m/s)  VU(m/s)
02:00:00.0   29   1.024      0.787   -0.059    2.434        0.021    0.009   -0.019
02:00:30.0   29   1.023      0.927   -0.286    2.601        0.001   -0.013    0.016
02:01:00.0   29   1.021      0.887   -0.125    2.130        0.015   -0.020   -0.002
02:01:30.0   29   1.019      0.705    0.339    2.919        0.002    0.004   -0.038
02:02:00.0   31   0.989      0.854   -0.184    2.182       -0.002    0.002   -0.035
02:02:30.0   30   0.988      0.776   -0.526    2.075       -0.015   -0.010    0.046
02:03:00.0   30   0.987      0.969   -0.149    1.875        0.009   -0.014    0.002
02:03:30.0   30   0.986      0.964   -0.331    2.200       -0.005    0.002   -0.026
02:04:00.0   30   0.985      0.985   -0.180    1.466       -0.007   -0.016    0.000
02:04:30.0   30   0.984      0.709    0.157    1.592       -0.023   -0.021   -0.060
02:05:00.0   30   0.983      0.439   -0.049    1.964       -0.015   -0.005    0.040
02:05:30.0   30   0.982      0.581   -0.150    1.986       -0.006    0.018   -0.073
02:06:00.0   30   0.980      0.669   -0.358    2.142       -0.029    0.006    0.033
02:06:30.0   30   0.979      0.861    0.067    1.463       -0.014   -0.029    0.018
02:07:00.0   30   0.978      0.588   -0.595    3.211        0.001   -0.020    0.008
02:07:30.0   30   0.977      0.567   -0.284    1.454       -0.015    0.026   -0.005
02:08:00.0   30   0.976      1.059   -0.241    0.815       -0.006    0.006    0.062
02:08:30.0   30   0.975      0.800   -0.178    1.427        0.014    0.019   -0.002
02:09:00.0   29   1.005      0.632   -0.343    1.392       -0.006   -0.006    0.027
02:09:30.0   30   1.004      0.453   -0.192    1.537       -0.000   -0.024    0.022
02:10:00.0   29   1.003      0.780   -0.442    1.826       -0.003   -0.023    0.008
02:10:30.0   29   1.002      0.604   -0.222    1.765        0.014    0.008   -0.039
02:11:00.0   30   1.001      1.021   -0.233    2.032       -0.006   -0.009    0.000
02:11:30.0   29   1.000      0.847   -0.686    1.875       -0.016   -0.001    0.016
02:12:00.0   29   0.999      0.775   -0.244    2.374       -0.005    0.001   -0.014
02:12:30.0   29   0.998      0.512   -0.213    1.399       -0.007   -0.024    0.030
02:13:00.0   29   0.996      0.664    0.071    1.369        0.007    0.009    0.019
02:13:30.0   29   0.995      0.663   -0.419    2.124        0.007    0.016    0.054
02:14:00.0   29   0.994      0.848   -0.199    1.022        0.018   -0.014    0.072
02:14:30.0   29   0.993      0.420    0.139    2.189       -0.020    0.008   -0.013
02:15:00.0   29   0.992      1.078   -0.233    2.361       -0.019   -0.010   -0.067
02:15:30.0   29   0.990      1.187   -0.349    2.627        0.011    0.010    0.013
02:16:00.0   29   0.989      0.580    0.041    1.834        0.024   -0.023    0.094
02:16:30.0   29   0.988      0.764   -0.038    1.965        0.027   -0.029    0.034
02:17:00.0   30   0.987      1.097   -0.521    1.819       -0.014    0.003   -0.007
02:17:30.0   29   0.985      1.066   -0.292    1.609        0.013   -0.016   -0.008
02:18:00.0   29   0.984      0.639    0.167    2.268        0.001    0.011   -0.056
02:18:30.0   29   0.983      0.567   -0.314    1.779        0.010    0.004    0.025
02:19:00.0   29   0.982      0.564   -0.361    1.690        0.001    0.018    0.002
02:19:30.0   29   0.980      0.777   -0.205    1.884       -0.019    0.038    0.016
02:20:00.0   29   0.979      0.464   -0.106    1.111       -0.003    0.000   -0.011
02:20:30.0   30   0.926      0.940   -0.151    1.796       -0.012   -0.014    0.007
02:21:00.0   30   0.926      0.894   -0.016    1.369        0.005    0.008   -0.008
02:21:30.0   30   0.925      0.657   -0.314    1.491        0.000    0.026    0.006
02:22:00.0   30   0.924      0.852    0.150    1.157        0.009    0.011   -0.021
02:22:30.0   30   0.923      0.901   -0.180    1.681       -0.004   -0.006    0.010
02:23:00.0   30   0.923      0.865    0.054    0.983       -0.007   -0.013   -0.018
02:23:30.0   29   0.950      0.747   -0.154    0.809       -0.018    0.015   -0.053
02:24:00.0   28   1.014      0.464    0.179    2.011       -0.035    0.004   -0.067
02:24:30.0   28   1.013      0.685   -0.087    0.989       -0.008   -0.002   -0.013
02:25:00.0   28   1.013      0.567   -0.193    1.014       -0.002   -0.018    0.013
02:25:30.0   28   1.012      1.135   -0.035    0.762        0.000    0.004   -0.006
02:26:00.0   28   1.012      0.752   -0.140    0.799        0.013   -0.023   -0.035
02:26:30.0   28   1.011      0.619    0.025    0.673        0.025    0.002    0.027
02:27:00.0   28   1.010      0.827    0.186    0.350       -0.003   -0.010   -0.061
02:27:30.0   28   1.010      0.878   -0.405    1.058        0.011   -0.020    0.018
02:28:00.0   28   1.009      1.097   -0.423    1.696       -0.018    0.019   -0.019
02:28:30.0   27   1.060      0.635   -0.336    0.868       -0.009   -0.004   -0.012
02:29:00.0   27   1.060      0.683    0.276    0.492       -0.006    0.029    0.006
02:29:30.0   27   1.060      0.585   -0.313    1.373       -0.000    0.004    0.008
02:30:00.0   27   1.060      0.991   -0.320    1.470       -0.003    0.002   -0.030
02:30:30.0   27   1.060      0.532    0.122    0.981       -0.015   -0.015   -0.004
02:31:00.0   27   1.060      0.659   -0.161    2.023        0.011    0.006    0.035
02:31:30.0   27   1.060      0.992    0.117    1.515        0.012    0.007    0.046
02:32:00.0   26   1.176      0.943   -0.015    0.164        0.009    0.018   -0.003
02:32:30.0   26   1.176      0.969   -0.181    0.338       -0.023    0.038    0.011
02:33:00.0   27   1.177      1.042    0.074    1.552       -0.002    0.013   -0.046
02:33:30.0   26   1.177      0.985   -0.184    1.014        0.010   -0.019   -0.037
02:34:00.0   27   1.177      1.008   -0.157    0.888        0.008    0.004   -0.024
02:34:30.0   26   1.178      0.831   -0.152    0.651        0.002    0.001    0.050
02:35:00.0   26   1.178      0.912   -0.095    0.717       -0.001    0.002   -0.028
02:35:30.0   26   1.178      1.127   -0.204    0.807       -0.006    0.003   -0.007
02:36:00.0   26   1.178      0.536    0.073    1.293       -0.016   -0.002   -0.002
02:36:30.0   26   1.179      0.751    0.186    0.978        0.003   -0.001   -0.006
02:37:00.0   26   1.179      0.902    0.079   -0.176        0.016   -0.009   -0.051
02:37:30.0   26   1.179      0.883   -0.015   -0.189        0.010   -0.007    0.005
02:38:00.0   26   1.179      1.147   -0.003    0.500       -0.001   -0.006   -0.050
02:38:30.0   26   1.179      1.614   -0.125   -0.066        0.004   -0.002    0.053
02:39:00.0   26   1.179      1.049   -0.154    0.691       -0.009   -0.004   -0.012
02:39:30.0   26   1.179      1.103    0.023    1.461        0.015   -0.012    0.069
02:40:00.0   26   1.179      1.220    0.480    1.117        0.005    0.010   -0.009
02:40:30.0   26   1.179      0.839    0.115    0.693       -0.010    0.010    0.018
02:41:00.0   26   1.179      1.003    0.137    1.588       -0.021    0.003   -0.062
02:41:30.0   26   1.179      0.974    0.068    0.677        0.011    0.029    0.053
02:42:00.0   26   1.179      0.836    0.385    0.852       -0.018   -0.015   -0.006
02:42:30.0   26   1.178      1.047    0.681   -0.198        0.006    0.020    0.059
02:43:00.0   27   1.178      1.033    0.340    1.015       -0.010   -0.002    0.013
02:43:30.0   26   1.178      1.157    0.131    1.050       -0.000   -0.021    0.034
02:44:00.0   26   1.178      1.349    0.032    0.075       -0.008    0.018   -0.035
02:44:30.0   27   1.138      0.710    0.162   -0.132        0.005   -0.010   -0.037
02:45:00.0   27   1.138      0.949    0.275    0.596       -0.019   -0.018   -0.044
02:45:30.0   27   1.138      1.032   -0.372    0.191       -0.005    0.032   -0.072
02:46:00.0   27   1.139      1.226    0.289    0.058       -0.010    0.006   -0.089
02:46:30.0   27   1.139      0.909    0.345    0.399        0.010   -0.013    0.061
02:47:00.0   27   1.139      0.582    0.110    0.444       -0.010    0.008   -0.009
02:47:30.0   27   1.139      0.799    0.329    1.111        0.023   -0.009   -0.010
02:48:00.0   27   1.139      0.894    0.153    0.062       -0.012   -0.024   -0.000
02:48:30.0   27   1.139      0.852    0.290    1.095        0.001   -0.009    0.080
02:49:00.0   27   1.139      1.117    0.216    1.241        0.004   -0.005   -0.006
02:49:30.0   27   1.139      1.114    0.329    0.544       -0.008    0.004   -0.001
02:50:00.0   27   1.139      1.137    0.244    0.083       -0.005   -0.005    0.028
02:50:30.0   27   1.139      1.062   -0.073    0.326        0.011   -0.014   -0.036
02:51:00.0   27   1.139      1.034    0.386   -0.144        0.007    0.007   -0.017
02:51:30.0   27   1.139      0.772    0.415    0.911       -0.001   -0.001   -0.018
02:52:00.0   26   1.194      0.965   -0.217    0.455       -0.001   -0.003   -0.039
02:52:30.0   26   1.195      0.881   -0.100    1.306       -0.002   -0.001    0.007
02:53:00.0   26   1.196      0.763    0.084   -0.465       -0.021   -0.005    0.014
02:53:30.0   26   1.197      0.944   -0.037    0.841       -0.008   -0.013   -0.003
02:54:00.0   26   1.198      0.779    0.194    1.989        0.004    0.019    0.005
02:54:30.0   26   1.199      0.916    0.296    0.499       -0.018    0.009    0.024
02:55:00.0   26   1.199      0.973   -0.141    1.545        0.016   -0.028    0.025
02:55:30.0   26   1.200      0.592   -0.001   -0.201        0.010   -0.015    0.020
02:56:00.0   26   1.201      0.977   -0.146    0.418       -0.004    0.002   -0.034
02:56:30.0   25   1.361      0.769    0.350   -0.211        0.005   -0.008    0.039
02:57:00.0   25   1.363      0.953    0.224    0.089       -0.007    0.020   -0.018
02:57:30.0   25   1.364      0.823   -0.070    0.166        0.005   -0.010    0.021
02:58:00.0   25   1.366      0.712   -0.171    0.244       -0.002   -0.014   -0.051
02:58:30.0   25   1.367      1.160   -0.045    0.253       -0.027   -0.025    0.055
02:59:00.0   25   1.369      0.898    0.099    0.215       -0.021   -0.010   -0.095
02:59:30.0   25   1.370      0.881    0.082    0.441       -0.002   -0.003   -0.028
03:00:00.0   25   1.372      0.593    0.370   -0.014       -0.004   -0.025    0.031
03:00:30.0   25   1.373      0.729   -0.258    0.248       -0.013    0.020    0.032
03:01:00.0   25   1.374      0.894   -0.154   -0.128        0.023    0.007   -0.034
03:01:30.0   25   1.375      0.685   -0.012    0.243       -0.005   -0.004    0.023
03:02:00.0   25   1.377      0.422    0.393   -1.139        0.014   -0.029   -0.001
03:02:30.0   25   1.378      0.652    0.052   -0.509       -0.013   -0.024   -0.022
03:03:00.0   25   1.379      0.868   -0.466    0.722        0.003   -0.010    0.004
03:03:30.0   25   1.380      0.497    0.022   -0.144        0.006   -0.011   -0.002
03:04:00.0   25   1.381      0.619    0.057    0.330        0.010   -0.023    0.034
03:04:30.0   25   1.382      0.671   -0.377    0.876        0.017    0.009   -0.022
03:05:00.0   25   1.383      0.948   -0.280    0.509       -0.013   -0.008   -0.041
03:05:30.0   25   1.383      0.697   -0.609    0.298       -0.009    0.014   -0.021
03:06:00.0   25   1.384      0.639   -0.592    0.646        0.003    0.003   -0.025
03:06:30.0   25   1.385      1.010   -0.345   -0.374        0.025    0.018   -0.008
03:07:00.0   25   1.385      0.914    0.057   -0.011       -0.005    0.012   -0.059
03:07:30.0   25   1.386      0.557   -0.317    0.509       -0.002   -0.019    0.056
03:08:00.0   25   1.386      0.738   -0.623    0.223       -0.011   -0.010    0.002
03:08:30.0   25   1.387      0.645   -0.061   -1.043       -0.001    0.017   -0.030
03:09:00.0   25   1.387      0.316    0.089   -0.413        0.008   -0.006   -0.046
03:09:30.0   26   1.249      0.790   -0.027   -0.363       -0.011   -0.018    0.037
03:10:00.0   26   1.250      0.754   -0.365    1.257        0.006   -0.024   -0.025
03:10:30.0   26   1.251      0.652   -0.479    0.214        0.009   -0.024   -0.000
03:11:00.0   26   1.251      0.549   -0.564   -0.483        0.013   -0.002    0.046
03:11:30.0   26   1.252      0.451   -0.077   -0.620       -0.001    0.005   -0.022
03:12:00.0   26   1.253      0.955   -0.317   -0.172        0.004    0.008   -0.019
03:12:30.0   26   1.254      0.573   -0.315    0.271       -0.004   -0.016    0.002
03:13:00.0   26   1.254      0.407   -0.329   -1.190        0.002   -0.020    0.006
03:13:30.0   26   1.255      0.479   -0.479    1.127       -0.016    0.009   -0.023
03:14:00.0   26   1.256      0.370   -0.194    0.181       -0.001   -0.019   -0.021
03:14:30.0   26   1.256      0.494    0.000    0.284        0.009   -0.006   -0.002
03:15:00.0   26   1.257      0.858   -0.279    0.241        0.009    0.017   -0.082
03:15:30.0   26   1.257      0.861   -0.220    0.078        0.007   -0.021    0.008
03:16:00.0   26   1.257      0.618   -0.332   -0.602       -0.003    0.002    0.005
03:16:30.0   26   1.258      0.403   -0.250   -0.206       -0.007    0.013   -0.052
03:17:00.0   26   1.258      0.794    0.126    0.100       -0.004   -0.002   -0.038
03:17:30.0   26   1.258      1.029   -0.129    0.181        0.004   -0.017   -0.006
03:18:00.0   26   1.259      0.687   -0.117    0.676        0.008    0.010   -0.016
03:18:30.0   26   1.259      0.489    0.113   -0.949        0.005   -0.001   -0.059
03:19:00.0   26   1.259      0.624    0.180    0.301        0.005    0.011   -0.017
03:19:30.0   27   1.169      0.765   -0.076    0.005       -0.003    0.002   -0.005
03:20:00.0   27   1.169      0.704    0.036    0.777        0.000   -0.010   -0.013
03:20:30.0   27   1.170      0.700   -0.489    0.996       -0.005   -0.003    0.009
03:21:00.0   28   1.170      0.634   -0.489    0.534       -0.003   -0.017   -0.008
03:21:30.0   27   1.170      0.697   -0.334    0.800        0.008   -0.007   -0.039
03:22:00.0   27   1.170      0.701   -0.263    0.603        0.010    0.000   -0.037
03:22:30.0   27   1.171      0.654   -0.305    1.666       -0.017    0.005    0.011
03:23:00.0   27   1.171      0.603   -0.325    0.064       -0.031   -0.026   -0.016
03:23:30.0   27   1.171      0.659   -0.119    0.800       -0.027   -0.010   -0.005
03:24:00.0   28   1.120      1.040   -0.435    1.789        0.006   -0.011    0.071
03:24:30.0   29   1.121      0.873   -0.005    0.848       -0.001    0.001   -0.006
03:25:00.0   29   1.079      0.734   -0.031   -0.275        0.028    0.007    0.023
03:25:30.0   29   1.080      0.598   -0.014   -0.475        0.016   -0.002    0.036
03:26:00.0   29   1.081      0.461   -0.182    0.414       -0.014   -0.011   -0.029
03:26:30.0   29   1.082      0.668   -0.173    1.357       -0.013   -0.010    0.030
03:27:00.0   30   1.082      0.559    0.037    0.786       -0.018   -0.014   -0.014
03:27:30.0   29   1.083      0.769   -0.116    0.368        0.011   -0.033   -0.020
03:28:00.0   30   1.083      0.716    0.052    0.804        0.010    0.027   -0.026
03:28:30.0   29   1.084      1.051   -0.288    1.553        0.006   -0.005   -0.022
03:29:00.0   30   1.085      0.789   -0.237    0.737        0.002   -0.008   -0.001
03:29:30.0   29   1.085      0.614   -0.128    1.152        0.002   -0.015    0.027
03:30:00.0   29   1.086      0.649   -0.198    0.766       -0.002    0.015   -0.059
03:30:30.0   29   1.086      0.555   -0.400    1.019        0.011   -0.003   -0.009
03:31:00.0   30   1.087      0.919   -0.196    0.736        0.021    0.008    0.030
03:31:30.0   30   1.087      1.009   -0.466    2.350       -0.012   -0.016   -0.027
03:32:00.0   29   1.087      0.881   -0.476    2.121       -0.001   -0.008   -0.006
03:32:30.0   29   1.088      1.004   -0.474    1.794       -0.003    0.001    0.013
03:33:00.0   29   1.088      0.220   -0.082    1.102        0.007    0.004   -0.016
03:33:30.0   30   1.088      0.944   -0.175    1.100        0.018   -0.011    0.019
03:34:00.0   29   1.089      1.125   -0.176    0.832       -0.008   -0.021   -0.036
03:34:30.0   29   1.089      0.944   -0.106    1.575        0.013    0.006    0.009
03:35:00.0   31   1.076      0.703    0.631    0.322        0.001   -0.010    0.000
03:35:30.0   30   1.089      0.508    0.036    1.484        0.006   -0.000   -0.021
03:36:00.0   31   1.077      0.003   -2.027    4.311        0.001    0.006   -0.055
03:36:30.0   29   1.090      1.103    0.091    1.979        0.001   -0.010   -0.012
03:37:00.0   29   1.090      1.057   -0.399    1.176        0.007   -0.027    0.055
03:37:30.0   29   1.090      0.970   -0.057    1.431       -0.006    0.007   -0.021
03:38:00.0   29   1.090      0.855    0.020    0.803        0.007    0.020   -0.057
03:38:30.0   29   1.090      0.760   -0.208    2.398       -0.016    0.015    0.004
03:39:00.0   29   1.090      0.751   -0.531    2.460       -0.018    0.032   -0.060
03:39:30.0   29   1.090      0.930   -0.423    1.696        0.015   -0.012    0.034
03:40:00.0   29   1.090      0.963   -0.263    1.478       -0.008    0.018    0.036
03:40:30.0   30   0.993      0.580   -0.075    1.450       -0.019    0.015   -0.040
03:41:00.0   30   0.994      0.764    0.022    2.162        0.007   -0.003   -0.026
03:41:30.0   30   0.995      0.497    0.070    1.533        0.010   -0.005    0.023
03:42:00.0   30   0.996      0.786   -0.732    2.270       -0.005    0.004   -0.045
03:42:30.0   30   0.997      0.852   -0.266    1.987        0.014   -0.000   -0.002
03:43:00.0   30   0.998      1.280   -0.094    1.438       -0.002   -0.015    0.020
03:43:30.0   30   0.999      0.824   -0.108    1.242       -0.011   -0.006   -0.002
03:44:00.0   30   1.000      1.422   -0.354    1.801       -0.004   -0.025    0.015
03:44:30.0   30   1.000      1.510   -0.686    1.796       -0.002   -0.006    0.031
03:45:00.0   30   1.001      1.053   -0.312    1.711        0.006   -0.001   -0.016
03:45:30.0   30   1.002      1.128    0.190    2.078        0.020    0.003   -0.005
03:46:00.0   30   1.002      1.164   -0.118    2.662       -0.001   -0.001    0.018
03:46:30.0   30   1.003      1.088    0.088    1.543       -0.013   -0.009   -0.014
03:47:00.0   30   1.004      1.160    0.057    1.386        0.013    0.024   -0.048
03:47:30.0   30   1.004      1.294    0.013    1.707       -0.005    0.007   -0.040
03:48:00.0   30   1.005      1.015   -0.081    1.147       -0.001   -0.009    0.000
03:48:30.0   31   0.941      1.098   -0.052    1.713        0.005   -0.039    0.008
03:49:00.0   31   0.941      1.420   -0.365    1.107       -0.003   -0.019    0.009
03:49:30.0   31   0.942      0.927   -0.090    1.067        0.011   -0.013    0.010
03:50:00.0   31   0.943      1.002   -0.682    1.883       -0.005   -0.015   -0.011
03:50:30.0   31   0.943      0.900   -0.020    1.662       -0.020   -0.000   -0.037
03:51:00.0   31   0.944      0.832   -0.100    1.419       -0.004   -0.002   -0.048
03:51:30.0   31   0.944      0.577   -0.354    0.781        0.003    0.002   -0.002
03:52:00.0   31   0.945      0.878   -0.095    0.701        0.007    0.005   -0.028
03:52:30.0   31   0.945      0.819   -0.219    2.423       -0.001   -0.014   -0.014
03:53:00.0   31   0.945      0.680   -0.031    1.709        0.010    0.001   -0.008
03:53:30.0   31   0.946      1.064    0.021    1.048       -0.007    0.002   -0.035
03:54:00.0   31   0.946      0.867    0.047    1.921       -0.008   -0.013   -0.017
03:54:30.0   31   0.946      0.915    0.009    1.901        0.004   -0.003    0.102
03:55:00.0   31   0.947      0.864    0.009    1.152       -0.001   -0.005    0.004
03:55:30.0   31   0.947      0.641   -0.158    1.546       -0.002   -0.009    0.002
03:56:00.0   31   0.947      0.741   -0.075    1.912       -0.004   -0.026    0.006
03:56:30.0   32   0.907      0.445   -0.187    1.472       -0.004   -0.012    0.010
03:57:00.0   32   0.907      0.550    0.028    1.532       -0.007   -0.000   -0.009
03:57:30.0   32   0.908      0.593   -0.132    0.691        0.002   -0.004   -0.006
03:58:00.0   32   0.908      0.543    0.059    0.666        0.003   -0.011   -0.026
03:58:30.0   32   0.908      0.726   -0.056    0.989        0.016   -0.007   -0.004
03:59:00.0   32   0.908      0.790   -0.429    1.882        0.009    0.001   -0.004
03:59:30.0   32   0.908      0.892   -0.383    1.435       -0.007   -0.009   -0.005
04:00:00.0   32   0.908      0.669   -0.074    1.585       -0.001   -0.008    0.012
04:00:30.0   32   0.908      0.986   -0.018    0.993       -0.010   -0.045    0.011
04:01:00.0   32   0.907      0.571   -0.154    0.814        0.016   -0.017   -0.027
04:01:30.0   32   0.907      0.763   -0.016    0.856       -0.002   -0.027    0.007
04:02:00.0   32   0.907      0.914    0.216    0.949       -0.007    0.012    0.015
04:02:30.0   32   0.907      0.748   -0.090    1.298       -0.004   -0.035   -0.016
04:03:00.0   32   0.907      1.095   -0.328    1.447       -0.018   -0.017    0.013
04:03:30.0   32   0.906      0.950   -0.013    1.172        0.007   -0.013   -0.044
04:04:00.0   31   0.950      0.636    0.072    0.586        0.022   -0.018   -0.079
04:04:30.0   31   0.950      0.695    0.320    0.547       -0.001   -0.029    0.016
04:05:00.0   31   0.950      1.057   -0.093    1.059       -0.008    0.006   -0.006
04:05:30.0   31   0.950      0.495   -0.295    1.643        0.012   -0.012   -0.012
04:06:00.0   31   0.950      0.734    0.278    0.800       -0.003   -0.015   -0.031
04:06:30.0   31   0.950      0.949    0.273    0.426        0.013    0.005    0.008
04:07:00.0   31   0.950      0.634    0.283    0.117        0.010    0.013   -0.029
04:07:30.0   31   0.950      1.159    0.276    0.381        0.005   -0.008   -0.008
04:08:00.0   31   0.950      0.525    0.347    0.467       -0.014   -0.008    0.006
04:08:30.0   31   0.950      0.546    0.053    0.582       -0.007   -0.006    0.037
04:09:00.0   31   0.949      0.969    0.301    0.715        0.014   -0.008    0.050
04:09:30.0   31   0.949      0.775    0.300   -0.028        0.000   -0.030    0.002
04:10:00.0   31   0.949      0.718    0.457    0.422       -0.001    0.006   -0.067
04:10:30.0   31   0.949      0.900    0.628    0.100       -0.006    0.005    0.046
04:11:00.0   31   0.948      0.757    0.463    0.544        0.002   -0.013    0.018
04:11:30.0   31   0.948      0.884    0.314    0.881        0.000   -0.006    0.017
04:12:00.0   31   0.947      0.761    0.170    0.661        0.002   -0.013    0.020
04:12:30.0   31   0.947      0.967    0.467    0.783       -0.000    0.002   -0.019
04:13:00.0   31   0.947      0.801    0.288    0.337       -0.002   -0.014    0.039
04:13:30.0   31   0.946      0.755   -0.106    0.334       -0.003   -0.033   -0.008
04:14:00.0   31   0.946      1.006    0.296   -0.542       -0.003   -0.012   -0.039
04:14:30.0   31   0.945      0.546    0.421    0.298        0.013    0.004   -0.012
04:15:00.0   31   0.944      0.516    0.348    0.524        0.001   -0.007   -0.005
04:15:30.0   31   0.944      0.387    0.162    0.766        0.017   -0.014    0.057
04:16:00.0   31   0.943      0.769    0.342    0.425        0.016   -0.001   -0.027
04:16:30.0   31   0.942      1.120    0.427   -0.472       -0.014   -0.036    0.055
04:17:00.0   31   0.942      1.020    0.163   -0.734       -0.001   -0.026    0.004
04:17:30.0   31   0.941      0.586    0.165   -0.354       -0.001   -0.008   -0.015
04:18:00.0   31   0.940      0.857    0.476    0.403       -0.022    0.017   -0.010
04:18:30.0   31   0.939      0.955    0.352   -0.238       -0.003   -0.014   -0.010
04:19:00.0   31   0.938      0.885    0.794    0.060       -0.018   -0.026    0.037
04:19:30.0   31   0.938      0.910    0.644   -0.198       -0.014   -0.027   -0.008
04:20:00.0   31   0.937      0.712    1.033    0.366       -0.013   -0.001    0.021
04:20:30.0   31   0.936      0.805    0.819   -0.179        0.013    0.009    0.004
04:21:00.0   30   0.982      0.665    0.673   -0.559        0.002   -0.004   -0.002
04:21:30.0   30   0.981      1.064    0.634    0.434        0.007   -0.010    0.005
04:22:00.0   30   0.980      0.712    0.414   -1.266        0.013    0.000    0.007
04:22:30.0   30   0.979      0.605    0.438   -0.102       -0.003   -0.022   -0.044
04:23:00.0   30   0.979      0.591    0.261   -0.013        0.014   -0.017   -0.011
04:23:30.0   30   0.978      0.661    0.460    0.164        0.006   -0.012    0.043
04:24:00.0   30   0.977      0.525    0.611    0.433       -0.000   -0.017   -0.068
04:24:30.0   30   0.976      0.793   -0.180    0.188        0.021   -0.028   -0.012
04:25:00.0   30   0.975      0.458    0.573    0.421        0.008   -0.011    0.002
04:25:30.0   30   0.974      0.794    0.166    0.654       -0.004   -0.020   -0.001
04:26:00.0   30   0.973      0.805    0.537   -0.054        0.003   -0.012    0.055
04:26:30.0   30   0.972      1.252    0.502   -0.685        0.004   -0.024   -0.017
04:27:00.0   30   0.971      0.558    0.301   -0.175        0.008   -0.023    0.011
04:27:30.0   30   0.970      0.678    0.233   -0.039        0.008   -0.014   -0.019
04:28:00.0   30   0.969      0.574    0.299   -0.517        0.017   -0.009    0.039
04:28:30.0   30   0.968      0.664    0.347   -0.891        0.003    0.003    0.036
04:29:00.0   30   0.967      0.528    0.068   -0.151       -0.011   -0.020    0.015
04:29:30.0   30   0.966      1.138    0.019   -0.783       -0.008   -0.034    0.036
04:30:00.0   30   0.965      0.919    0.266   -0.083       -0.001    0.012    0.015
04:30:30.0   29   1.037      0.881    0.094   -0.664       -0.008   -0.000   -0.082
04:31:00.0   30   0.979      0.992   -0.046    0.251        0.024   -0.036    0.024
04:31:30.0   30   0.979      1.011   -0.289   -0.397       -0.014   -0.002   -0.033
04:32:00.0   30   0.979      0.934    0.279   -0.342       -0.006   -0.012   -0.003
04:32:30.0   30   0.979      0.769    0.219   -1.243        0.002   -0.013   -0.001
04:33:00.0   30   0.979      0.943    0.368   -0.648       -0.002   -0.004    0.010
04:33:30.0   30   0.979      0.864    0.168   -0.517        0.017   -0.005   -0.020
04:34:00.0   30   0.978      0.716    0.212   -0.638        0.009   -0.014   -0.011
04:34:30.0   30   0.978      0.784   -0.312    0.133       -0.014   -0.016    0.050
04:35:00.0   30   0.978      0.700    0.275   -0.750       -0.015   -0.027    0.012
04:35:30.0   30   0.978      0.777   -0.071   -0.269       -0.011   -0.003    0.003
04:36:00.0   31   0.977      1.363    0.352   -0.606       -0.016   -0.022    0.002
04:36:30.0   30   0.977      0.947   -0.074    0.820       -0.000   -0.017    0.025
04:37:00.0   30   0.976      0.857   -0.207    0.030       -0.011   -0.019   -0.026
04:37:30.0   30   0.976      1.115   -0.086   -0.006       -0.027   -0.050    0.073
04:38:00.0   30   0.975      1.447    0.262   -0.633        0.005   -0.013    0.024
04:38:30.0   30   0.975      1.007   -0.121   -0.019        0.026   -0.026    0.049
04:39:00.0   30   0.974      1.286    0.165   -0.778       -0.004   -0.019    0.009
04:39:30.0   30   0.974      0.856    0.100   -0.217        0.022    0.017   -0.009
04:40:00.0   30   0.973      1.109   -0.271   -0.401        0.003    0.002    0.031
04:40:30.0   30   0.972      0.719    0.149   -0.199        0.013   -0.028   -0.012
04:41:00.0   30   0.972      0.840   -0.132    0.378        0.017   -0.024   -0.028
04:41:30.0   30   0.971      1.279    0.225   -0.798        0.002   -0.008   -0.038
04:42:00.0   30   0.970      0.904   -0.194    0.097       -0.018   -0.019    0.039
04:42:30.0   30   0.969      0.671    0.078   -0.152       -0.002   -0.022    0.039
04:43:00.0   30   0.968      0.995    0.190   -0.061        0.008    0.005    0.039
04:43:30.0   30   0.968      1.046    0.211   -1.549        0.010    0.015   -0.034
04:44:00.0   30   0.967      1.022   -0.137   -0.158       -0.018   -0.026    0.002
04:44:30.0   30   0.966      0.815    0.179   -0.598       -0.000   -0.036    0.003
04:45:00.0   30   0.965      0.814    0.004    0.189        0.004    0.023    0.018
04:45:30.0   30   0.964      1.106   -0.293    0.352       -0.006    0.003   -0.036
04:46:00.0   30   0.963      0.875   -0.185   -1.764       -0.019   -0.030   -0.018
04:46:30.0   30   0.962      0.797   -0.401   -1.205       -0.002   -0.038   -0.026
04:47:00.0   30   0.961      0.886   -0.085   -0.781       -0.018   -0.003    0.001
04:47:30.0   30   0.960      0.959   -0.261   -0.918        0.003   -0.002   -0.033
04:48:00.0   30   0.959      0.625   -0.201   -1.049        0.009   -0.004   -0.000
04:48:30.0   30   0.957      0.812   -0.166   -0.638        0.007   -0.029   -0.002
04:49:00.0   30   0.956      1.027    0.000   -0.920        0.002   -0.021    0.012
04:49:30.0   30   0.955      0.970   -0.482   -0.490        0.020   -0.005   -0.001
04:50:00.0   30   0.954      0.641   -0.021   -0.724        0.008    0.004   -0.041
04:50:30.0   30   0.953      0.570    0.178   -0.415       -0.025   -0.018   -0.007
04:51:00.0   29   1.000      0.664   -0.251   -0.463        0.012   -0.002    0.043
04:51:30.0   29   0.999      0.653    0.202    0.005       -0.019   -0.023    0.024
04:52:00.0   29   0.998      0.350    0.013   -1.522        0.008   -0.036    0.045
04:52:30.0   29   0.997      0.659   -0.226   -0.917        0.000   -0.021    0.042
04:53:00.0   29   0.995      0.718   -0.503   -0.385       -0.003    0.010    0.045
04:53:30.0   29   0.994      0.513    0.161   -1.139        0.003   -0.000   -0.021
04:54:00.0   29   0.993      0.735   -0.230   -0.749        0.004   -0.021    0.016
04:54:30.0   29   0.991      0.352   -0.195   -0.236       -0.008   -0.007   -0.003
04:55:00.0   29   0.990      0.299    0.055   -1.239       -0.000   -0.004    0.026
04:55:30.0   29   0.989      0.713   -0.400   -0.511        0.021   -0.043   -0.016
04:56:00.0   29   0.987      0.532   -0.220   -0.317       -0.003   -0.005    0.039
04:56:30.0   30   0.947      0.752   -0.031   -1.111       -0.000    0.000    0.024
04:57:00.0   30   0.946      0.365   -0.097   -0.030       -0.005   -0.012    0.041
04:57:30.0   30   0.945      0.314   -0.192   -0.950        0.021   -0.028    0.013
04:58:00.0   30   0.944      0.486    0.121   -0.325       -0.004   -0.019    0.046
04:58:30.0   30   0.943      0.811   -0.123   -0.111        0.002   -0.016    0.036
04:59:00.0   30   0.942      0.741    0.222   -0.143        0.005   -0.019    0.020
04:59:30.0   30   0.941      0.439    0.193    0.416       -0.015   -0.020    0.090
05:00:00.0   30   0.939      0.723    0.523    0.519       -0.016   -0.003    0.010
05:00:30.0   30   0.938      0.637   -0.078    0.157       -0.002   -0.007    0.050
05:01:00.0   30   0.937      0.580    0.518   -0.520        0.003    0.003    0.013
05:01:30.0   30   0.936      0.792    0.285   -0.003       -0.003   -0.000    0.044
05:02:00.0   30   0.934      0.571    0.280   -0.080        0.008   -0.033    0.035
05:02:30.0   30   0.933      0.829    0.083    0.265        0.015   -0.004    0.069
05:03:00.0   30   0.932      0.561    0.131    0.236        0.007   -0.016    0.021
05:03:30.0   30   0.931      0.849    0.462    0.495        0.011   -0.022    0.020
05:04:00.0   30   0.929      0.474    0.773    1.318       -0.007   -0.034   -0.005
05:04:30.0   30   0.928      0.734    0.469    0.339        0.019   -0.007    0.009
05:05:00.0   30   0.927      0.770    0.015    1.188       -0.009   -0.014    0.035
05:05:30.0   30   0.925      0.633   -0.241    0.988        0.003   -0.035    0.030
05:06:00.0   30   0.924      0.524   -0.234    1.030       -0.002    0.003   -0.029
05:06:30.0   30   0.923      0.960   -0.135    0.167        0.003   -0.019   -0.027
05:07:00.0   30   0.921      0.675    0.053    0.083        0.003   -0.023    0.053
05:07:30.0   28   1.093      0.432    0.304   -0.087       -0.000    0.005    0.015
05:08:00.0   28   1.092      0.577    0.214    1.042       -0.009    0.006    0.006
05:08:30.0   28   1.092      0.696    0.015    0.293       -0.021    0.001    0.026
05:09:00.0   28   1.092      0.281   -0.612    1.621       -0.003   -0.004    0.078
05:09:30.0   28   1.091      0.773    0.169    0.311       -0.010   -0.017    0.030
05:10:00.0   28   1.091      0.917    0.484   -0.235        0.007   -0.017    0.062
05:10:30.0   28   1.090      1.050   -0.150    0.491        0.009   -0.004    0.029
05:11:00.0   28   1.090      0.989    0.201    0.871       -0.006   -0.029    0.049
05:11:30.0   28   1.090      0.689    0.011    0.769       -0.005   -0.016    0.075
05:12:00.0   28   1.089      0.614    0.259    0.920        0.008   -0.026    0.112
05:12:30.0   28   1.089      0.500    0.107    0.154       -0.013   -0.026    0.109
05:13:00.0   28   1.089      0.696    0.155    1.232        0.010   -0.012    0.090
05:13:30.0   28   1.088      0.521    0.290    0.611        0.008    0.006    0.045
05:14:00.0   27   1.153      0.314    0.263    1.015       -0.009   -0.017    0.031
05:14:30.0   27   1.153      0.639    0.399    0.045        0.002    0.019   -0.006
05:15:00.0   26   1.213      0.355   -0.180   -0.087       -0.000    0.004   -0.055
05:15:30.0   26   1.214      0.563    0.118    0.347        0.012   -0.021    0.018
05:16:00.0   26   1.214      0.516   -0.061    0.127        0.006    0.005    0.010
05:16:30.0   26   1.214      0.682   -0.133    0.076        0.006    0.000    0.029
05:17:00.0   27   1.129      0.853    0.330    0.164       -0.015   -0.025    0.043
05:17:30.0   27   1.130      0.758    0.354    0.605       -0.002   -0.034   -0.003
05:18:00.0   27   1.131      0.579   -0.136    0.483        0.008   -0.018    0.011
05:18:30.0   27   1.132      0.668    0.148    0.761       -0.014   -0.017    0.040
05:19:00.0   27   1.134      0.523   -0.037   -0.601        0.003   -0.012    0.039
05:19:30.0   27   1.135      0.475   -0.372    1.244        0.016   -0.010    0.031
05:20:00.0   27   1.136      0.533   -0.383    0.763        0.001   -0.002    0.044
05:20:30.0   27   1.137      0.691    0.051    0.261        0.020    0.003    0.026
05:21:00.0   27   1.138      0.557   -0.057   -0.535        0.011   -0.014    0.054
05:21:30.0   27   1.139      0.407   -0.020    0.513       -0.010   -0.031    0.068
05:22:00.0   27   1.140      0.708    0.197   -0.770        0.021    0.016    0.075
05:22:30.0   27   1.141      0.652    0.138    0.408       -0.010    0.011    0.021
05:23:00.0   27   1.142      0.871   -0.050   -0.297       -0.005   -0.007    0.018
05:23:30.0   27   1.143      0.521   -0.209   -0.921        0.016   -0.018   -0.015
05:24:00.0   27   1.144      0.751    0.059    0.252       -0.004   -0.017    0.041
05:24:30.0   27   1.145      0.656    0.311   -0.714        0.003   -0.002    0.017
05:25:00.0   27   1.146      0.516    0.002   -0.710        0.007   -0.006    0.015
05:25:30.0   27   1.147      0.833    0.290    0.630        0.003   -0.005    0.072
05:26:00.0   27   1.148      0.585   -0.216    0.609        0.010   -0.034    0.056
05:26:30.0   27   1.149      0.504   -0.049    0.372       -0.005    0.012   -0.048
05:27:00.0   27   1.150      0.310   -0.014   -0.120       -0.000   -0.012    0.043
05:27:30.0   27   1.151      0.468    0.258    0.148        0.010   -0.018    0.015
05:28:00.0   27   1.152      0.810    0.478    0.244       -0.002    0.007    0.072
05:28:30.0   27   1.153      0.794    0.463    0.703       -0.011   -0.008    0.108
05:29:00.0   27   1.154      0.217    0.134    0.630        0.004   -0.016    0.001
05:29:30.0   27   1.155      0.704    0.107   -0.568       -0.000    0.004    0.025
05:30:00.0   27   1.156      0.932    0.284    0.739       -0.014   -0.036    0.005
05:30:30.0   27   1.156      0.313    0.070    0.690        0.028   -0.006    0.008
05:31:00.0   27   1.157      0.547   -0.055    0.449        0.014   -0.032    0.001
05:31:30.0   27   1.158      1.010   -0.196    1.018        0.000    0.006   -0.037
05:32:00.0   27   1.159      0.805    0.207    0.611       -0.009   -0.032    0.030
05:32:30.0   27   1.160      0.683   -0.313    0.350       -0.002   -0.030    0.040
05:33:00.0   27   1.160      0.591   -0.390    1.213        0.010    0.007    0.058
05:33:30.0   27   1.161      0.813    0.110    1.044        0.004   -0.016    0.081
05:34:00.0   27   1.162      0.514    0.271   -0.376        0.006    0.001    0.056
05:34:30.0   27   1.162      0.815    0.025    0.651        0.015   -0.007    0.033
05:35:00.0   27   1.163      0.696   -0.379    0.070        0.002   -0.019    0.023
05:35:30.0   27   1.164      0.814    0.323   -0.419       -0.006   -0.010   -0.012
05:36:00.0   27   1.164      0.903    0.097    1.296       -0.008    0.005    0.052
05:36:30.0   27   1.165      0.521   -0.391    0.053        0.006   -0.014    0.032
05:37:00.0   27   1.166      0.612   -0.165    0.567        0.011   -0.004    0.025
05:37:30.0   27   1.166      0.722   -0.090    0.576        0.000   -0.027    0.046
05:38:00.0   27   1.167      0.614   -0.163    0.851       -0.008   -0.026    0.005
05:38:30.0   27   1.167      0.559   -0.229    0.510        0.009   -0.027    0.004
05:39:00.0   27   1.168      0.374   -0.278    0.101       -0.013   -0.000    0.002
05:39:30.0   27   1.168      0.976   -0.442    0.231        0.013    0.007    0.022
05:40:00.0   27   1.169      0.573    0.029    0.238        0.005    0.014    0.061
05:40:30.0   27   1.169      0.971    0.206    0.068       -0.001   -0.010    0.049
05:41:00.0   27   1.169      0.665    0.152    0.764       -0.012   -0.023    0.020
05:41:30.0   27   1.170      0.059    0.114    1.781        0.005   -0.006   -0.014
05:42:00.0   28   1.170      0.672    0.257    1.115        0.005   -0.009   -0.046
05:42:30.0   27   1.171      0.724   -0.262    1.363       -0.003   -0.010    0.049
05:43:00.0   27   1.171      0.538    0.282    1.364        0.007   -0.007   -0.020
05:43:30.0   27   1.171      0.527    0.084    0.424        0.003    0.009    0.057
05:44:00.0   27   1.171      0.752    0.105    0.306        0.016   -0.020    0.031
05:44:30.0   27   1.172      0.741    0.231    0.574        0.003   -0.030    0.031
05:45:00.0   27   1.172      0.387    0.508    0.244        0.004   -0.007    0.041
05:45:30.0   27   1.172      0.688    0.016    1.114        0.010   -0.011    0.022
05:46:00.0   27   1.172      0.617   -0.157    0.339       -0.010    0.010    0.046
05:46:30.0   27   1.172      0.475   -0.311    1.170        0.016   -0.016    0.008
05:47:00.0   27   1.173      0.922   -0.546    0.781        0.007   -0.006   -0.023
05:47:30.0   27   1.173      0.899   -0.450    0.113        0.005    0.007    0.056
05:48:00.0   27   1.173      0.437   -0.048    0.037        0.015    0.001    0.031
05:48:30.0   27   1.173      0.591    0.038    0.407        0.019    0.004   -0.046
05:49:00.0   27   1.173      0.658    0.351    1.074        0.007    0.000   -0.031
05:49:30.0   27   1.173      0.675    0.215    0.615       -0.011    0.023    0.014
05:50:00.0   27   1.173      0.707   -0.193    1.120        0.014    0.001    0.020
05:50:30.0   27   1.173      0.589    0.114    0.642       -0.003   -0.019    0.092
05:51:00.0   27   1.173      0.847    0.037    2.303        0.007    0.008    0.025
05:51:30.0   27   1.173      0.202   -0.043    0.788       -0.019   -0.005    0.025
05:52:00.0   27   1.172      0.501    0.112    0.492        0.020   -0.021    0.043
05:52:30.0   27   1.172      0.653   -0.218   -0.104        0.020   -0.004    0.038
05:53:00.0   27   1.172      0.653    0.039    0.159        0.018   -0.001    0.027
05:53:30.0   27   1.172      0.557   -0.370    1.256        0.002   -0.013   -0.003
05:54:00.0   27   1.172      0.307   -0.370    0.791        0.004    0.001    0.020
05:54:30.0   27   1.171      0.633   -0.311    0.332        0.004    0.013    0.020
05:55:00.0   27   1.171      0.543   -0.623   -0.158       -0.010   -0.029    0.042
05:55:30.0   27   1.171      0.644    0.001    0.417       -0.007    0.026    0.010
05:56:00.0   27   1.170      0.260   -0.702   -0.098        0.012    0.015    0.042
05:56:30.0   27   1.170      0.392    0.215    0.228        0.017    0.009   -0.034
05:57:00.0   27   1.170      0.394   -0.551    0.096        0.016   -0.013    0.046
05:57:30.0   27   1.169      0.355   -0.795   -0.197        0.008   -0.001    0.016
05:58:00.0   27   1.169      0.417   -0.800   -0.056       -0.008   -0.006    0.047
05:58:30.0   27   1.168      0.265   -0.242    0.176       -0.002    0.008    0.025
05:59:00.0   27   1.168      0.459   -0.351    0.144       -0.007   -0.017    0.045
05:59:30.0   27   1.167      0.379   -0.319   -0.434       -0.011   -0.018    0.037
06:00:00.0   26   1.273      0.264   -0.199   -0.383       -0.002   -0.003    0.080
