Select Processing Mode:
1. GPS-Only SPP 
2. Multi-GNSS SPP (GPS/BDS/GAL)
Enter choice [1-2]: Step 1: Reading Navigation file...
Loaded 25907 navigation records.
Step 2: Reading Observation file...
------------------------------------------
Loaded 2880 epochs.
==========================================================
   MYGNSS10 Multi-GNSS Dual-Freq IF SPP (FIXED TGD)
   Active Systems: GPS BDS GAL GLO 
==========================================================
GPST Time      Ns   PDOP    dE(m)    dN(m)    dU(m)      VE(m/s)  VN(m/s)  VU(m/s)
02:00:00.0   35   0.939      1.087    0.133    2.069        0.024    0.016   -0.025
02:00:30.0   35   0.937      1.202    0.013    2.500       -0.001   -0.012    0.018
02:01:00.0   35   0.936      1.017   -0.001    1.997        0.012   -0.020   -0.001
02:01:30.0   35   0.935      0.825    0.441    2.781       -0.004   -0.003   -0.027
02:02:00.0   37   0.916      1.191    0.170    1.882       -0.004    0.001   -0.027
02:02:30.0   36   0.915      1.054   -0.161    1.981       -0.005   -0.008    0.037
02:03:00.0   36   0.915      1.295    0.342    1.512        0.001   -0.018    0.016
02:03:30.0   36   0.914      1.053   -0.138    2.066       -0.005    0.001   -0.022
02:04:00.0   36   0.913      1.336    0.316    1.135       -0.006   -0.015    0.005
02:04:30.0   36   0.912      0.714    0.306    1.672       -0.026   -0.018   -0.048
02:05:00.0   36   0.911      0.617    0.239    1.738       -0.007    0.000    0.031
02:05:30.0   36   0.911      0.961    0.257    1.555       -0.009    0.019   -0.069
02:06:00.0   36   0.910      0.875   -0.091    1.717       -0.020    0.009    0.006
02:06:30.0   36   0.909      1.116    0.352    0.888       -0.015   -0.030    0.023
02:07:00.0   36   0.908      0.815   -0.364    2.913       -0.009   -0.025    0.025
02:07:30.0   36   0.907      0.860    0.064    1.057       -0.011    0.026   -0.015
02:08:00.0   36   0.906      1.237    0.113    0.648       -0.003    0.006    0.053
02:08:30.0   36   0.905      0.897    0.041    1.265        0.013    0.016   -0.004
02:09:00.0   35   0.926      0.743   -0.071    1.360       -0.015   -0.015    0.038
02:09:30.0   36   0.925      0.750    0.090    1.134        0.004   -0.023    0.016
02:10:00.0   35   0.924      0.871   -0.219    1.650       -0.011   -0.028    0.020
02:10:30.0   35   0.923      0.726   -0.049    1.293       -0.005   -0.004   -0.003
02:11:00.0   36   0.922      1.228    0.085    1.408       -0.008   -0.008    0.005
02:11:30.0   35   0.921      1.138   -0.265    1.050       -0.023   -0.011    0.029
02:12:00.0   35   0.920      1.011    0.031    1.861       -0.001   -0.002   -0.029
02:12:30.0   35   0.919      0.786    0.160    0.726       -0.013   -0.033    0.029
02:13:00.0   35   0.918      0.833    0.254    1.061        0.016    0.017    0.005
02:13:30.0   35   0.917      0.762   -0.205    1.688       -0.000    0.012    0.064
02:14:00.0   35   0.916      1.150    0.161    0.502        0.022   -0.008    0.064
02:14:30.0   35   0.915      0.696    0.426    1.460       -0.013    0.011   -0.026
02:15:00.0   35   0.914      1.389    0.074    1.606       -0.018   -0.012   -0.069
02:15:30.0   35   0.912      1.389   -0.047    1.910        0.012    0.011    0.005
02:16:00.0   35   0.911      0.706    0.189    1.644        0.033   -0.014    0.071
02:16:30.0   35   0.910      1.025    0.204    1.430        0.034   -0.022    0.025
02:17:00.0   36   0.909      1.462   -0.192    1.001       -0.021   -0.000    0.013
02:17:30.0   35   0.908      1.023   -0.154    1.789        0.016   -0.012   -0.017
02:18:00.0   34   0.925      0.991    0.399    1.342       -0.000    0.012   -0.055
02:18:30.0   34   0.924      0.871   -0.040    1.330        0.005   -0.001    0.030
02:19:00.0   34   0.923      0.842   -0.153    0.990       -0.004    0.015    0.009
02:19:30.0   34   0.922      0.900   -0.016    1.384       -0.010    0.044   -0.006
02:20:00.0   34   0.921      0.715    0.103    0.441       -0.004   -0.000   -0.006
02:20:30.0   35   0.878      0.986   -0.067    1.399       -0.007   -0.010    0.003
02:21:00.0   35   0.878      1.061    0.262    0.865        0.005    0.008   -0.007
02:21:30.0   35   0.877      0.874   -0.124    0.909        0.004    0.026    0.005
02:22:00.0   35   0.876      0.982    0.360    0.626        0.006    0.008   -0.012
02:22:30.0   35   0.876      1.022   -0.017    1.327       -0.002   -0.009    0.019
02:23:00.0   35   0.875      1.119    0.286    0.193        0.006   -0.008   -0.030
02:23:30.0   34   0.898      1.081    0.145   -0.049       -0.017    0.017   -0.043
02:24:00.0   33   0.954      0.692    0.322    1.062       -0.027    0.006   -0.069
02:24:30.0   33   0.954      0.722    0.070    0.989       -0.004   -0.000   -0.016
02:25:00.0   33   0.953      1.038    0.198   -0.285        0.006   -0.012   -0.005
02:25:30.0   33   0.953      1.266    0.125    0.282       -0.003    0.005   -0.003
02:26:00.0   33   0.952      0.998    0.039    0.180        0.014   -0.023   -0.025
02:26:30.0   33   0.952      0.790    0.245    0.343        0.023    0.004    0.027
02:27:00.0   33   0.951      0.806    0.266    0.471       -0.008   -0.012   -0.041
02:27:30.0   33   0.951      1.159   -0.136    0.261        0.006   -0.023    0.024
02:28:00.0   33   0.951      1.352   -0.175    0.814       -0.016    0.018   -0.018
02:28:30.0   32   0.992      0.807   -0.212    0.327       -0.003   -0.002   -0.016
02:29:00.0   32   0.992      0.978    0.439   -0.300       -0.005    0.029    0.007
02:29:30.0   32   0.992      0.880   -0.182    0.534       -0.001   -0.002    0.018
02:30:00.0   32   0.992      1.175   -0.153    0.804        0.007    0.007   -0.042
02:30:30.0   33   0.952      0.717    0.212    0.365       -0.008   -0.011   -0.019
02:31:00.0   33   0.953      0.869   -0.040    1.174        0.011    0.008    0.029
02:31:30.0   33   0.953      1.164    0.199    0.982        0.013    0.011    0.038
02:32:00.0   32   1.026      1.143    0.196   -0.534        0.006    0.016   -0.007
02:32:30.0   32   1.027      1.014   -0.040    0.191       -0.020    0.037    0.004
02:33:00.0   33   1.028      1.082    0.166    0.993       -0.006    0.015   -0.036
02:33:30.0   32   1.029      1.218   -0.007   -0.033        0.009   -0.017   -0.045
02:34:00.0   33   1.030      1.078   -0.033    0.179        0.001    0.001   -0.014
02:34:30.0   32   1.031      0.872   -0.098    0.439       -0.003    0.000    0.038
02:35:00.0   32   1.033      0.677   -0.017    0.446        0.003    0.003   -0.022
02:35:30.0   32   1.034      1.074   -0.021    0.356       -0.013   -0.003    0.011
02:36:00.0   32   1.034      0.761    0.378    0.158       -0.014    0.000   -0.020
02:36:30.0   32   1.035      0.826    0.303    0.628       -0.000    0.000   -0.001
02:37:00.0   32   1.036      0.943    0.253   -0.506        0.009   -0.010   -0.047
02:37:30.0   32   1.037      0.927    0.139   -0.470        0.007   -0.006    0.011
02:38:00.0   32   1.038      1.172    0.055    0.407        0.001   -0.005   -0.055
02:38:30.0   32   1.039      1.541    0.042   -0.391        0.005   -0.001    0.042
02:39:00.0   32   1.040      1.053   -0.107    0.677        0.000   -0.000   -0.020
02:39:30.0   32   1.041      1.102    0.170    0.879        0.009   -0.015    0.080
02:40:00.0   32   1.042      1.202    0.513    0.518        0.002    0.008   -0.016
02:40:30.0   32   1.042      1.061    0.311   -0.017       -0.010    0.009    0.005
02:41:00.0   32   1.043      1.032    0.265    0.682       -0.010    0.006   -0.064
02:41:30.0   32   1.044      0.965    0.088    0.047        0.010    0.029    0.058
02:42:00.0   32   1.045      0.879    0.551    0.016       -0.016   -0.015   -0.016
02:42:30.0   32   1.045      1.065    0.687   -0.728        0.009    0.017    0.037
02:43:00.0   33   1.046      1.086    0.338    0.239       -0.016   -0.004    0.031
02:43:30.0   32   1.047      1.005    0.238    0.456       -0.004   -0.022    0.056
02:44:00.0   32   1.047      1.372    0.131   -0.614       -0.004    0.018   -0.017
02:44:30.0   33   1.015      0.656    0.243   -0.702       -0.001   -0.013   -0.019
02:45:00.0   33   1.016      0.923    0.353   -0.185       -0.023   -0.019   -0.032
02:45:30.0   33   1.016      1.074   -0.160   -0.536       -0.008    0.026   -0.050
02:46:00.0   33   1.017      1.240    0.443   -0.322       -0.006    0.004   -0.089
02:46:30.0   33   1.018      0.870    0.431    0.161        0.015   -0.009    0.051
02:47:00.0   33   1.019      0.629    0.364   -0.436       -0.007    0.009   -0.028
02:47:30.0   33   1.020      0.688    0.487    0.610        0.022   -0.011    0.003
02:48:00.0   33   1.020      0.841    0.293   -0.422       -0.009   -0.020   -0.021
02:48:30.0   33   1.021      0.815    0.436    0.343        0.007   -0.007    0.052
02:49:00.0   33   1.022      1.073    0.351    0.272        0.004   -0.007    0.000
02:49:30.0   33   1.022      0.906    0.411    0.178        0.001    0.003    0.006
02:50:00.0   33   1.023      1.183    0.270   -0.547       -0.010   -0.010    0.041
02:50:30.0   33   1.024      1.171    0.166   -0.440        0.008   -0.010   -0.036
02:51:00.0   33   1.024      1.068    0.542   -0.693        0.005    0.003    0.004
02:51:30.0   33   1.025      0.767    0.524   -0.152        0.000   -0.001   -0.024
02:52:00.0   32   1.073      0.862   -0.130    0.125       -0.004   -0.008   -0.005
02:52:30.0   32   1.074      1.053    0.086    0.365        0.002   -0.001   -0.004
02:53:00.0   32   1.076      0.899    0.178   -1.228       -0.011   -0.001   -0.020
02:53:30.0   32   1.077      0.996    0.223    0.029       -0.010   -0.010   -0.009
02:54:00.0   32   1.078      0.861    0.496    0.408        0.003    0.018    0.012
02:54:30.0   32   1.080      0.889    0.379    0.103       -0.008    0.009    0.009
02:55:00.0   32   1.081      0.934    0.075    0.750        0.021   -0.025    0.015
02:55:30.0   32   1.083      0.574    0.016   -0.322        0.014   -0.020    0.026
02:56:00.0   32   1.084      1.060   -0.021    0.086       -0.003    0.003   -0.027
02:56:30.0   31   1.171      0.835    0.561   -1.220        0.003   -0.006    0.033
02:57:00.0   31   1.173      0.910    0.265   -0.457        0.000    0.022   -0.043
02:57:30.0   31   1.175      1.033    0.104   -1.022        0.010   -0.006    0.024
02:58:00.0   31   1.177      0.812   -0.009   -0.169       -0.006   -0.014   -0.052
02:58:30.0   31   1.179      1.156    0.191   -0.516       -0.026   -0.019    0.038
02:59:00.0   31   1.181      0.938    0.377   -0.922       -0.023   -0.012   -0.086
02:59:30.0   31   1.183      0.945    0.256   -0.165        0.005   -0.004   -0.044
03:00:00.0   31   1.184      0.683    0.558   -0.769       -0.002   -0.020    0.021
03:00:30.0   31   1.186      0.777   -0.176   -0.802       -0.017    0.016    0.053
03:01:00.0   31   1.188      0.858   -0.002   -0.879        0.018    0.002   -0.017
03:01:30.0   31   1.190      0.734   -0.045   -0.162       -0.007    0.000    0.002
03:02:00.0   31   1.191      0.488    0.409   -1.139        0.005   -0.026    0.008
03:02:30.0   31   1.193      0.696    0.125   -1.121       -0.007   -0.022   -0.024
03:03:00.0   31   1.194      0.891   -0.284   -0.421        0.005   -0.009    0.009
03:03:30.0   31   1.196      0.673    0.101   -0.551        0.004   -0.005   -0.011
03:04:00.0   31   1.197      0.670    0.268   -0.607        0.005   -0.023    0.037
03:04:30.0   31   1.199      0.885   -0.160   -0.281        0.017    0.006   -0.007
03:05:00.0   31   1.200      0.914   -0.163   -0.150       -0.009   -0.011   -0.035
03:05:30.0   31   1.202      0.651   -0.533   -0.520       -0.005    0.009   -0.013
03:06:00.0   31   1.203      0.624   -0.409   -0.161        0.007    0.004   -0.037
03:06:30.0   31   1.204      0.998   -0.164   -1.016        0.024    0.015   -0.008
03:07:00.0   31   1.205      0.829    0.066   -0.345       -0.002    0.009   -0.045
03:07:30.0   31   1.207      0.464   -0.135   -0.429       -0.004   -0.018    0.064
03:08:00.0   31   1.208      0.704   -0.496   -0.543        0.001   -0.013   -0.013
03:08:30.0   31   1.209      0.663    0.101   -1.490       -0.004    0.021   -0.018
03:09:00.0   31   1.210      0.491    0.204   -0.891        0.007   -0.004   -0.055
03:09:30.0   32   1.113      0.854    0.072   -0.835       -0.012   -0.014    0.030
03:10:00.0   32   1.114      0.769   -0.306    0.650        0.007   -0.020   -0.031
03:10:30.0   32   1.115      0.660   -0.161   -1.082       -0.002   -0.017   -0.019
03:11:00.0   32   1.117      0.674   -0.251   -1.356        0.016   -0.001    0.027
03:11:30.0   32   1.118      0.366   -0.038   -0.856       -0.007   -0.001   -0.016
03:12:00.0   32   1.119      0.833   -0.310   -0.639       -0.000    0.007   -0.024
03:12:30.0   32   1.120      0.543   -0.133   -0.495       -0.003   -0.012    0.001
03:13:00.0   32   1.121      0.357   -0.208   -1.124        0.007   -0.019   -0.007
03:13:30.0   32   1.123      0.488   -0.441    0.978       -0.013    0.011   -0.027
03:14:00.0   32   1.124      0.368    0.007   -0.779       -0.001   -0.013   -0.030
03:14:30.0   32   1.125      0.411    0.098   -0.009        0.004   -0.004   -0.013
03:15:00.0   32   1.126      0.888   -0.074   -0.430       -0.000    0.008   -0.033
03:15:30.0   32   1.126      0.719   -0.189   -0.252        0.013   -0.018    0.001
03:16:00.0   32   1.127      0.488   -0.291   -0.848       -0.005   -0.005    0.012
03:16:30.0   32   1.128      0.358    0.021   -0.529       -0.004    0.014   -0.059
03:17:00.0   32   1.129      0.884    0.400   -0.156        0.002   -0.005   -0.036
03:17:30.0   32   1.130      1.111   -0.060   -0.274        0.002   -0.012   -0.024
03:18:00.0   32   1.130      0.697   -0.005    0.370        0.006    0.009   -0.007
03:18:30.0   32   1.131      0.540    0.209   -1.095        0.003   -0.007   -0.045
03:19:00.0   32   1.132      0.479    0.079    0.649       -0.001    0.008   -0.009
03:19:30.0   34   1.049      0.773    0.011   -0.039       -0.005    0.001   -0.009
03:20:00.0   34   1.050      0.551   -0.135    0.974       -0.000   -0.008   -0.010
03:20:30.0   34   1.051      0.619   -0.475    0.600       -0.003    0.001    0.001
03:21:00.0   35   1.052      0.623   -0.419   -0.064       -0.003   -0.012   -0.019
03:21:30.0   34   1.053      0.793   -0.356    0.327        0.010   -0.008   -0.035
03:22:00.0   34   1.054      0.738   -0.219    0.194        0.004   -0.003   -0.035
03:22:30.0   34   1.054      0.695   -0.280    1.153       -0.012    0.005    0.009
03:23:00.0   34   1.055      0.674   -0.273   -0.213       -0.026   -0.020   -0.024
03:23:30.0   34   1.056      0.690   -0.064    0.520       -0.023   -0.004   -0.006
03:24:00.0   35   1.008      1.066   -0.550    1.562        0.005   -0.011    0.058
03:24:30.0   36   1.009      0.816   -0.039    0.595        0.000   -0.001   -0.020
03:25:00.0   36   0.972      0.520    0.000   -0.282        0.027    0.005    0.029
03:25:30.0   36   0.973      0.626   -0.034   -0.577        0.015   -0.004    0.036
03:26:00.0   36   0.974      0.414   -0.348    0.232       -0.009   -0.011   -0.032
03:26:30.0   36   0.975      0.687   -0.219    1.037       -0.013   -0.005    0.005
03:27:00.0   37   0.975      0.479   -0.005    0.572       -0.008   -0.010   -0.026
03:27:30.0   36   0.976      0.696   -0.049    0.038        0.008   -0.027   -0.024
03:28:00.0   37   0.977      0.772    0.029    0.753        0.009    0.023   -0.021
03:28:30.0   36   0.978      0.916   -0.346    0.966        0.002   -0.007   -0.017
03:29:00.0   37   0.979      0.864   -0.412    0.624        0.004   -0.005   -0.012
03:29:30.0   36   0.979      0.549   -0.222    0.845        0.003   -0.016    0.020
03:30:00.0   36   0.980      0.614   -0.187    0.265       -0.003    0.012   -0.049
03:30:30.0   36   0.981      0.570   -0.269    0.317        0.010   -0.009   -0.000
03:31:00.0   37   0.981      0.740   -0.190    0.683        0.017    0.007    0.033
03:31:30.0   37   0.982      0.855   -0.411    2.380       -0.009   -0.015   -0.019
03:32:00.0   36   0.982      0.892   -0.410    1.205        0.000   -0.005   -0.005
03:32:30.0   36   0.983      0.973   -0.253    1.337        0.001   -0.000    0.020
03:33:00.0   36   0.983      0.224   -0.112    0.662        0.005    0.008   -0.026
03:33:30.0   37   0.984      0.770   -0.199    0.680        0.017   -0.005    0.013
03:34:00.0   36   0.984      1.128   -0.126    0.587       -0.005   -0.013   -0.036
03:34:30.0   36   0.984      0.906   -0.269    1.535        0.016    0.011   -0.012
03:35:00.0   38   0.978      0.500    0.441    0.125        0.003   -0.013    0.006
03:35:30.0   37   0.985      0.556    0.018    1.218       -0.001   -0.002   -0.023
03:36:00.0   38   0.979      0.052   -1.499    3.528       -0.001    0.010   -0.062
03:36:30.0   35   1.004      0.851   -0.025    2.089        0.001   -0.007   -0.012
03:37:00.0   35   1.005      0.975   -0.431    1.186        0.008   -0.022    0.053
03:37:30.0   35   1.005      0.743   -0.303    1.350       -0.005    0.007   -0.017
03:38:00.0   35   1.005      0.598   -0.041    0.664        0.009    0.010   -0.051
03:38:30.0   35   1.005      0.676   -0.105    2.010       -0.014    0.008    0.009
03:39:00.0   35   1.005      0.710   -0.594    2.415       -0.015    0.022   -0.051
03:39:30.0   35   1.005      0.810   -0.336    1.627        0.012   -0.006    0.027
03:40:00.0   35   1.006      0.772   -0.419    1.493       -0.013    0.022    0.030
03:40:30.0   36   0.930      0.539   -0.283    1.565       -0.017    0.012   -0.035
03:41:00.0   36   0.931      0.550   -0.000    1.899        0.005   -0.003   -0.029
03:41:30.0   36   0.932      0.296    0.062    1.221        0.011   -0.005    0.020
03:42:00.0   36   0.933      0.612   -0.747    2.058       -0.005    0.008   -0.046
03:42:30.0   36   0.933      0.786   -0.512    2.036        0.009    0.001   -0.003
03:43:00.0   36   0.934      0.957   -0.058    1.256       -0.004   -0.011    0.017
03:43:30.0   36   0.935      0.611   -0.270    1.216       -0.011   -0.002   -0.004
03:44:00.0   36   0.936      1.261   -0.474    1.526       -0.005   -0.015    0.010
03:44:30.0   36   0.936      1.286   -0.638    1.594       -0.001   -0.008    0.033
03:45:00.0   36   0.937      0.783   -0.255    1.515        0.005   -0.002   -0.015
03:45:30.0   36   0.938      0.950    0.077    1.907        0.013    0.006   -0.008
03:46:00.0   36   0.938      1.078   -0.308    2.580        0.000   -0.001    0.020
03:46:30.0   36   0.939      0.909   -0.105    1.347       -0.015   -0.003   -0.022
03:47:00.0   36   0.939      1.009   -0.231    1.438        0.014    0.020   -0.045
03:47:30.0   36   0.940      1.166   -0.074    1.576       -0.006    0.003   -0.033
03:48:00.0   36   0.940      0.846   -0.127    1.153       -0.001   -0.007   -0.007
03:48:30.0   37   0.882      0.918   -0.384    1.787        0.002   -0.032    0.003
03:49:00.0   37   0.883      1.204   -0.513    0.974       -0.001   -0.021    0.011
03:49:30.0   37   0.884      0.835   -0.281    0.904        0.010   -0.014    0.015
03:50:00.0   37   0.884      0.699   -0.902    1.789       -0.004   -0.010   -0.014
03:50:30.0   37   0.885      0.586   -0.412    1.662       -0.020    0.004   -0.037
03:51:00.0   37   0.885      0.692   -0.479    1.424       -0.001    0.002   -0.049
03:51:30.0   37   0.885      0.585   -0.554    0.863        0.004   -0.000   -0.001
03:52:00.0   37   0.886      0.743   -0.344    0.532        0.012    0.002   -0.025
03:52:30.0   37   0.886      0.644   -0.505    2.293       -0.004   -0.012   -0.014
03:53:00.0   37   0.886      0.637   -0.622    1.851        0.010   -0.002   -0.004
03:53:30.0   37   0.886      0.963   -0.219    1.007       -0.007    0.000   -0.037
03:54:00.0   37   0.887      0.783   -0.424    1.849       -0.010   -0.010   -0.023
03:54:30.0   37   0.887      0.835   -0.471    1.768       -0.001    0.001    0.098
03:55:00.0   37   0.887      0.794   -0.542    1.126       -0.002   -0.008    0.010
03:55:30.0   37   0.887      0.461   -0.649    1.594       -0.003   -0.004    0.001
03:56:00.0   37   0.887      0.734   -0.624    2.131       -0.008   -0.020    0.004
03:56:30.0   38   0.851      0.455   -0.707    1.476       -0.006   -0.006    0.008
03:57:00.0   38   0.851      0.497   -0.588    1.546       -0.005   -0.003   -0.006
03:57:30.0   38   0.851      0.704   -0.881    0.946        0.002    0.001   -0.012
03:58:00.0   38   0.851      0.489   -0.521    0.753        0.004   -0.008   -0.029
03:58:30.0   37   0.881      0.771   -0.920    1.091        0.016   -0.007   -0.006
03:59:00.0   37   0.881      0.646   -0.868    1.852        0.009    0.004   -0.004
03:59:30.0   37   0.881      0.866   -0.965    1.479       -0.008   -0.008   -0.006
04:00:00.0   37   0.881      0.697   -0.748    1.702       -0.001   -0.003    0.010
04:00:30.0   37   0.881      1.001   -0.532    1.057       -0.012   -0.030    0.007
04:01:00.0   37   0.881      0.506   -0.918    0.914        0.011   -0.011   -0.030
04:01:30.0   37   0.881      0.854   -0.620    0.975       -0.003   -0.019    0.005
04:02:00.0   37   0.881      1.127   -0.498    1.158       -0.006    0.012    0.015
04:02:30.0   37   0.881      0.966   -0.867    1.527       -0.002   -0.028   -0.017
04:03:00.0   37   0.880      1.155   -1.174    1.666       -0.011   -0.016    0.015
04:03:30.0   37   0.880      1.008   -0.821    1.387        0.002   -0.010   -0.047
04:04:00.0   36   0.924      0.836   -0.618    0.847        0.024   -0.013   -0.080
04:04:30.0   36   0.924      0.789   -0.499    0.837       -0.006   -0.015    0.011
04:05:00.0   36   0.925      1.132   -0.777    1.309       -0.008    0.002   -0.005
04:05:30.0   36   0.925      0.690   -1.121    1.991        0.009   -0.007   -0.014
04:06:00.0   36   0.925      0.807   -0.669    1.145       -0.006   -0.017   -0.031
04:06:30.0   36   0.925      0.898   -0.465    0.715        0.014    0.002    0.009
04:07:00.0   36   0.925      0.840   -0.532    0.497        0.005    0.016   -0.031
04:07:30.0   36   0.925      1.360   -0.697    0.834        0.003   -0.005   -0.010
04:08:00.0   36   0.924      0.737   -0.754    0.928       -0.010   -0.005    0.006
04:08:30.0   36   0.924      0.652   -0.780    0.976       -0.005   -0.007    0.036
04:09:00.0   36   0.924      1.052   -0.729    1.139        0.011   -0.009    0.051
04:09:30.0   36   0.924      1.178   -0.817    0.535        0.006   -0.027    0.002
04:10:00.0   36   0.923      0.825   -0.460    0.843       -0.001   -0.001   -0.064
04:10:30.0   36   0.923      0.955   -0.102    0.427       -0.007    0.004    0.045
04:11:00.0   36   0.922      0.821   -0.554    1.046        0.008   -0.011    0.019
04:11:30.0   36   0.922      0.915   -0.686    1.346        0.002   -0.003    0.018
04:12:00.0   36   0.921      0.917   -0.715    1.155        0.004   -0.016    0.019
04:12:30.0   36   0.921      1.034   -0.580    1.253        0.003   -0.005   -0.017
04:13:00.0   36   0.920      0.857   -0.790    0.862       -0.001   -0.013    0.037
04:13:30.0   36   0.920      1.013   -1.153    0.943       -0.005   -0.023   -0.011
04:14:00.0   36   0.919      1.170   -0.861    0.076       -0.004   -0.014   -0.038
04:14:30.0   36   0.918      0.733   -0.549    0.834        0.013    0.005   -0.012
04:15:00.0   36   0.917      0.666   -0.667    1.042        0.001   -0.001   -0.006
04:15:30.0   36   0.917      0.556   -0.744    1.233        0.015   -0.013    0.055
04:16:00.0   36   0.916      0.806   -0.741    0.945        0.014    0.001   -0.027
04:16:30.0   36   0.915      1.062   -0.507    0.058       -0.016   -0.023    0.048
04:17:00.0   36   0.914      1.165   -0.973   -0.106        0.002   -0.019   -0.001
04:17:30.0   36   0.913      0.660   -0.738    0.033       -0.004   -0.005   -0.023
04:18:00.0   36   0.912      0.976   -0.628    0.914       -0.018    0.008   -0.007
04:18:30.0   36   0.911      1.050   -1.018    0.532       -0.003   -0.012   -0.011
04:19:00.0   36   0.910      1.013   -0.519    0.847       -0.016   -0.022    0.037
04:19:30.0   36   0.908      0.935   -0.578    0.479       -0.013   -0.024   -0.008
04:20:00.0   36   0.907      0.897   -0.238    1.100       -0.014   -0.010    0.026
04:20:30.0   36   0.906      0.817   -0.422    0.454        0.017    0.010    0.005
04:21:00.0   35   0.944      0.696   -0.385    0.004       -0.001   -0.000   -0.001
04:21:30.0   35   0.943      1.140   -0.871    1.165        0.009   -0.002    0.004
04:22:00.0   35   0.942      0.805   -0.699   -0.723        0.008   -0.001    0.003
04:22:30.0   35   0.941      0.526   -0.632    0.445       -0.004   -0.017   -0.045
04:23:00.0   35   0.940      0.627   -0.814    0.610        0.010   -0.013   -0.015
04:23:30.0   35   0.939      0.681   -0.632    0.662        0.006   -0.010    0.044
04:24:00.0   35   0.937      0.612   -0.685    1.122        0.000   -0.010   -0.070
04:24:30.0   35   0.936      0.791   -1.492    0.980        0.018   -0.023   -0.013
04:25:00.0   35   0.935      0.468   -0.801    1.251        0.012   -0.006   -0.002
04:25:30.0   35   0.933      0.838   -0.873    1.277       -0.003   -0.013   -0.008
04:26:00.0   35   0.932      0.783   -1.011    0.874       -0.000   -0.004    0.050
04:26:30.0   35   0.931      1.139   -0.919    0.038        0.002   -0.021   -0.013
04:27:00.0   35   0.929      0.636   -0.982    0.391        0.008   -0.014    0.008
04:27:30.0   35   0.928      0.634   -1.092    0.642        0.001   -0.017   -0.021
04:28:00.0   35   0.926      0.593   -1.027    0.126        0.013   -0.007    0.032
04:28:30.0   35   0.925      0.615   -1.173   -0.121       -0.002   -0.007    0.040
04:29:00.0   35   0.923      0.658   -1.342    0.922       -0.010   -0.011    0.015
04:29:30.0   35   0.921      1.124   -1.074   -0.204       -0.010   -0.024    0.029
04:30:00.0   35   0.920      0.846   -1.015    0.862        0.000    0.004    0.020
04:30:30.0   34   0.971      0.782   -1.164    0.190       -0.008   -0.002   -0.080
04:31:00.0   35   0.931      0.903   -1.109    0.885        0.019   -0.022    0.010
04:31:30.0   36   0.900      0.872   -1.232    0.502       -0.014    0.000   -0.031
04:32:00.0   36   0.900      0.909   -0.996    0.560       -0.008   -0.014    0.001
04:32:30.0   36   0.900      0.701   -0.935   -0.207       -0.000   -0.004   -0.003
04:33:00.0   36   0.899      0.789   -0.728    0.167       -0.002   -0.001    0.009
04:33:30.0   36   0.899      0.743   -1.193    0.774        0.011   -0.011   -0.021
04:34:00.0   36   0.899      0.732   -0.861    0.436        0.007   -0.017   -0.012
04:34:30.0   36   0.899      0.760   -1.211    1.077       -0.008   -0.012    0.044
04:35:00.0   36   0.898      0.683   -1.084    0.336       -0.014   -0.018    0.014
04:35:30.0   36   0.898      0.793   -1.159    1.149       -0.010   -0.004    0.002
04:36:00.0   37   0.897      1.295   -0.431    0.554       -0.011   -0.014   -0.000
04:36:30.0   36   0.897      0.976   -1.082    1.986       -0.004   -0.011    0.020
04:37:00.0   36   0.896      0.791   -1.175    1.222       -0.012   -0.017   -0.028
04:37:30.0   36   0.896      1.087   -0.836    1.265       -0.024   -0.036    0.062
04:38:00.0   36   0.895      1.311   -0.614    0.686        0.007   -0.011    0.028
04:38:30.0   36   0.895      1.073   -0.780    1.243        0.020   -0.010    0.025
04:39:00.0   36   0.894      1.256   -0.741    0.446       -0.004   -0.018    0.006
04:39:30.0   36   0.893      0.711   -0.732    0.813        0.019    0.017   -0.012
04:40:00.0   36   0.892      1.174   -1.019    0.895        0.006    0.003    0.018
04:40:30.0   36   0.892      0.789   -0.968    1.444        0.013   -0.021   -0.010
04:41:00.0   36   0.891      0.801   -0.678    1.143        0.012   -0.014   -0.044
04:41:30.0   36   0.890      1.254   -0.553    0.407       -0.000   -0.012   -0.033
04:42:00.0   36   0.889      0.910   -0.811    1.318       -0.016   -0.011    0.023
04:42:30.0   36   0.888      0.562   -0.821    1.037        0.000   -0.020    0.032
04:43:00.0   36   0.887      0.939   -0.539    1.093        0.005    0.005    0.035
04:43:30.0   36   0.886      1.266   -0.645    0.080        0.010    0.014   -0.030
04:44:00.0   36   0.885      1.043   -0.818    0.866       -0.016   -0.021    0.002
04:44:30.0   35   0.907      0.677   -0.853    0.866        0.001   -0.024   -0.012
04:45:00.0   35   0.906      0.913   -0.913    1.341        0.007    0.012    0.030
04:45:30.0   35   0.905      1.007   -0.728    1.316       -0.007    0.007   -0.034
04:46:00.0   35   0.905      0.909   -0.894   -0.250       -0.015   -0.022   -0.010
04:46:30.0   35   0.904      0.790   -0.791    0.028        0.003   -0.026   -0.034
04:47:00.0   35   0.903      0.966   -1.127    0.771       -0.017   -0.011   -0.006
04:47:30.0   35   0.902      0.735   -0.849    0.279        0.001    0.004   -0.035
04:48:00.0   35   0.902      0.669   -1.084    0.888        0.009   -0.004    0.001
04:48:30.0   35   0.901      0.870   -0.870    1.066        0.006   -0.021   -0.002
04:49:00.0   35   0.900      0.999   -0.788    1.365       -0.001   -0.015    0.014
04:49:30.0   35   0.899      1.019   -0.937    0.762        0.018   -0.007    0.001
04:50:00.0   35   0.898      0.739   -0.645    1.332        0.008    0.002   -0.049
04:50:30.0   35   0.897      0.554   -0.575    1.274       -0.022   -0.020    0.006
04:51:00.0   34   0.940      0.657   -0.851    1.598        0.009    0.005    0.040
04:51:30.0   34   0.939      0.646   -0.866    2.282       -0.016   -0.016    0.018
04:52:00.0   34   0.938      0.495   -0.636    0.472        0.007   -0.025    0.039
04:52:30.0   34   0.937      0.691   -1.114    1.572       -0.000   -0.015    0.036
04:53:00.0   34   0.936      0.890   -1.041    1.977       -0.005    0.004    0.044
04:53:30.0   34   0.935      0.586   -0.771    1.417        0.002   -0.007   -0.021
04:54:00.0   34   0.933      0.793   -0.826    1.670        0.003   -0.016    0.001
04:54:30.0   34   0.932      0.624   -0.828    2.587       -0.010   -0.007   -0.021
04:55:00.0   34   0.931      0.512   -0.727    2.066       -0.000   -0.004    0.028
04:55:30.0   34   0.930      0.945   -0.860    2.110        0.014   -0.037   -0.011
04:56:00.0   34   0.929      0.667   -0.981    2.551       -0.003   -0.004    0.033
04:56:30.0   35   0.893      0.907   -0.715    1.535       -0.006   -0.001    0.031
04:57:00.0   35   0.892      0.563   -0.941    2.730       -0.007   -0.007    0.041
04:57:30.0   35   0.891      0.525   -1.063    2.277        0.012   -0.014   -0.009
04:58:00.0   35   0.890      0.624   -0.412    1.978       -0.005   -0.004    0.023
04:58:30.0   35   0.889      0.937   -0.874    2.681       -0.003   -0.013    0.016
04:59:00.0   35   0.888      0.900   -0.521    2.511        0.005   -0.012    0.012
04:59:30.0   35   0.887      0.580   -0.639    2.857       -0.016   -0.015    0.075
05:00:00.0   35   0.886      0.950   -0.461    3.318       -0.018   -0.005    0.007
05:00:30.0   35   0.885      0.733   -0.944    2.661       -0.003    0.002    0.046
05:01:00.0   35   0.884      0.746   -0.367    1.944        0.003   -0.002    0.014
05:01:30.0   35   0.883      0.919   -0.521    2.886       -0.002   -0.002    0.030
05:02:00.0   35   0.882      0.740   -0.691    2.453        0.007   -0.026    0.034
05:02:30.0   35   0.881      0.943   -0.963    2.711        0.009    0.003    0.052
05:03:00.0   35   0.879      0.642   -0.538    2.405        0.011   -0.015    0.025
05:03:30.0   35   0.878      0.915   -0.509    2.433        0.009   -0.019    0.021
05:04:00.0   35   0.877      0.482   -0.158    2.886       -0.005   -0.018   -0.014
05:04:30.0   35   0.876      0.802   -0.561    2.239        0.015   -0.008   -0.006
05:05:00.0   35   0.874      0.715   -0.938    3.500       -0.008   -0.012    0.027
05:05:30.0   35   0.873      0.679   -1.144    3.024        0.002   -0.026    0.019
05:06:00.0   35   0.872      0.644   -0.952    3.284       -0.002   -0.000   -0.033
05:06:30.0   35   0.870      0.885   -0.924    2.211        0.002   -0.008   -0.040
05:07:00.0   35   0.869      0.834   -0.987    2.071        0.002   -0.013    0.042
05:07:30.0   33   1.021      0.659   -0.506    2.214       -0.001   -0.004    0.019
05:08:00.0   33   1.020      0.592   -0.743    3.576       -0.008    0.010   -0.008
05:08:30.0   33   1.020      0.589   -1.019    1.959       -0.021   -0.001    0.021
05:09:00.0   33   1.019      0.319   -1.218    3.221       -0.003    0.002    0.051
05:09:30.0   33   1.018      0.712   -0.745    2.172       -0.008   -0.004    0.009
05:10:00.0   33   1.018      0.887   -0.625    2.124        0.004   -0.012    0.049
05:10:30.0   33   1.017      1.101   -1.088    2.053        0.006    0.005    0.016
05:11:00.0   33   1.016      0.861   -0.988    2.720       -0.004   -0.016    0.040
05:11:30.0   33   1.015      0.738   -0.725    2.215       -0.010   -0.017    0.052
05:12:00.0   33   1.014      0.537   -0.803    3.108        0.005   -0.021    0.079
05:12:30.0   33   1.014      0.484   -0.909    2.341       -0.012   -0.014    0.100
05:13:00.0   33   1.013      0.635   -0.621    2.725        0.010   -0.008    0.074
05:13:30.0   33   1.012      0.383   -0.802    1.844        0.003    0.003    0.037
05:14:00.0   32   1.062      0.400   -0.825    2.743       -0.011   -0.011    0.019
05:14:30.0   32   1.062      0.656   -0.694    2.208        0.003    0.021   -0.006
05:15:00.0   31   1.104      0.354   -1.319    2.312        0.001    0.003   -0.051
05:15:30.0   31   1.103      0.593   -0.793    1.707        0.012   -0.018    0.031
05:16:00.0   31   1.103      0.565   -1.160    1.822        0.004    0.000    0.003
05:16:30.0   31   1.103      0.627   -0.918    1.604        0.006   -0.001    0.025
05:17:00.0   32   1.040      0.847   -0.845    2.308       -0.014   -0.018    0.044
05:17:30.0   32   1.041      0.788   -0.649    2.818       -0.002   -0.026    0.016
05:18:00.0   32   1.041      0.507   -1.024    1.955        0.007   -0.010   -0.014
05:18:30.0   32   1.042      0.743   -0.588    2.214       -0.012   -0.013    0.025
05:19:00.0   32   1.042      0.507   -0.688    0.838       -0.000   -0.011    0.030
05:19:30.0   32   1.043      0.436   -1.143    2.465        0.016   -0.005    0.020
05:20:00.0   32   1.043      0.468   -1.433    2.350        0.002   -0.005    0.044
05:20:30.0   32   1.043      0.559   -1.025    1.706        0.018    0.001    0.012
05:21:00.0   32   1.044      0.599   -0.978    0.983        0.010   -0.010    0.038
05:21:30.0   32   1.044      0.378   -1.012    1.465       -0.011   -0.028    0.053
05:22:00.0   32   1.044      0.550   -0.739    0.284        0.015    0.001    0.054
05:22:30.0   32   1.045      0.585   -0.836    1.480       -0.009    0.006    0.018
05:23:00.0   32   1.045      0.726   -0.835    1.956       -0.003   -0.009    0.002
05:23:30.0   32   1.045      0.521   -0.907    0.635        0.012   -0.014   -0.008
05:24:00.0   32   1.045      0.768   -0.830    2.362       -0.002   -0.017    0.043
05:24:30.0   32   1.046      0.628   -0.788    1.363        0.004   -0.001   -0.004
05:25:00.0   32   1.046      0.455   -1.332    0.916        0.005   -0.013    0.011
05:25:30.0   32   1.046      0.851   -0.546    2.018        0.001   -0.004    0.055
05:26:00.0   32   1.046      0.587   -0.831    1.902        0.010   -0.029    0.039
05:26:30.0   32   1.046      0.512   -0.941    2.074       -0.007    0.002   -0.033
05:27:00.0   32   1.046      0.291   -0.750    2.193       -0.001   -0.010    0.032
05:27:30.0   32   1.046      0.454   -0.602    1.873        0.007   -0.020    0.007
05:28:00.0   32   1.046      0.802   -0.609    1.990       -0.006    0.001    0.061
05:28:30.0   32   1.046      0.826   -0.455    2.407       -0.011   -0.003    0.089
05:29:00.0   32   1.046      0.191   -0.923    1.953        0.006   -0.006    0.006
05:29:30.0   32   1.046      0.743   -0.565    0.821       -0.001    0.001    0.023
05:30:00.0   32   1.046      0.954   -0.442    2.550       -0.011   -0.025   -0.007
05:30:30.0   32   1.046      0.237   -0.379    1.753        0.026   -0.003   -0.007
05:31:00.0   32   1.046      0.429   -0.758    1.907        0.015   -0.028   -0.015
05:31:30.0   32   1.046      0.849   -1.137    2.305        0.001    0.010   -0.019
05:32:00.0   32   1.046      0.683   -0.586    1.871       -0.007   -0.031    0.020
05:32:30.0   32   1.046      0.613   -1.017    2.004        0.000   -0.022    0.039
05:33:00.0   32   1.046      0.586   -0.940    2.472        0.008    0.002    0.039
05:33:30.0   32   1.046      0.795   -0.770    2.091        0.007   -0.005    0.052
05:34:00.0   32   1.046      0.490   -0.497    1.016        0.003   -0.007    0.050
05:34:30.0   32   1.046      0.793   -0.733    2.121        0.014   -0.004    0.029
05:35:00.0   32   1.045      0.808   -0.825    1.784        0.006   -0.011    0.030
05:35:30.0   32   1.045      0.812   -0.270    1.282       -0.004   -0.005   -0.014
05:36:00.0   32   1.045      0.871   -0.678    2.635       -0.008    0.002    0.044
05:36:30.0   32   1.045      0.534   -0.809    1.422        0.010   -0.008    0.021
05:37:00.0   32   1.044      0.637   -0.628    1.650        0.012    0.005    0.008
05:37:30.0   32   1.044      0.871   -0.511    2.496        0.002   -0.020    0.034
05:38:00.0   32   1.044      0.729   -0.440    2.055       -0.005   -0.023    0.003
05:38:30.0   32   1.044      0.624   -0.676    2.040        0.008   -0.026   -0.006
05:39:00.0   32   1.043      0.450   -0.768    2.089       -0.013    0.000    0.002
05:39:30.0   32   1.043      1.163   -0.509    1.627        0.013    0.010    0.009
05:40:00.0   32   1.042      0.664   -0.490    2.092        0.004    0.006    0.055
05:40:30.0   32   1.042      1.090    0.008    1.606        0.002   -0.009    0.050
05:41:00.0   32   1.042      0.834   -0.129    1.823       -0.011   -0.020    0.024
05:41:30.0   31   1.098      0.274   -0.146    3.066        0.006   -0.011   -0.012
05:42:00.0   32   1.099      0.830   -0.053    2.295        0.004   -0.004   -0.041
05:42:30.0   31   1.099      0.826   -0.483    2.427       -0.000   -0.017    0.047
05:43:00.0   31   1.099      0.748    0.311    2.532        0.006    0.002   -0.024
05:43:30.0   31   1.100      0.685   -0.185    2.075        0.005    0.002    0.050
05:44:00.0   31   1.100      0.834   -0.145    1.725        0.018   -0.012    0.038
05:44:30.0   31   1.100      0.863    0.052    2.140        0.005   -0.019    0.022
05:45:00.0   31   1.100      0.545    0.398    1.486        0.005   -0.007    0.033
05:45:30.0   31   1.100      0.875    0.106    2.398        0.011   -0.006    0.019
05:46:00.0   31   1.101      0.729   -0.201    1.740       -0.010    0.012    0.048
05:46:30.0   31   1.101      0.624   -0.128    2.586        0.018   -0.010    0.002
05:47:00.0   31   1.101      1.046   -0.617    2.456        0.006   -0.010   -0.022
05:47:30.0   31   1.101      1.062   -0.334    1.236        0.005    0.000    0.058
05:48:00.0   31   1.101      0.578   -0.076    1.246        0.016   -0.001    0.039
05:48:30.0   31   1.101      0.753    0.146    1.566        0.016   -0.008   -0.042
05:49:00.0   31   1.101      0.816    0.286    2.136        0.007    0.005   -0.019
05:49:30.0   31   1.101      0.817    0.257    1.876       -0.014    0.015    0.018
05:50:00.0   31   1.101      0.926    0.074    1.896        0.013   -0.003    0.018
05:50:30.0   31   1.101      0.728    0.226    1.797       -0.001   -0.014    0.089
05:51:00.0   31   1.101      0.937    0.124    3.401        0.008    0.007    0.023
05:51:30.0   31   1.101      0.374    0.114    1.774       -0.019   -0.008    0.031
05:52:00.0   31   1.101      0.775    0.558    1.079        0.019   -0.020    0.035
05:52:30.0   31   1.100      0.803    0.109    0.875        0.019   -0.009    0.038
05:53:00.0   31   1.100      0.852    0.418    0.794        0.016   -0.011    0.032
05:53:30.0   31   1.100      0.756   -0.127    1.605        0.003   -0.013   -0.004
05:54:00.0   31   1.100      0.499   -0.053    1.097        0.005   -0.000    0.012
05:54:30.0   31   1.100      0.783   -0.191    0.854        0.003    0.008    0.018
05:55:00.0   31   1.099      0.761   -0.105    0.313       -0.006   -0.014    0.032
05:55:30.0   31   1.099      0.772    0.396    1.247       -0.008    0.020    0.014
05:56:00.0   31   1.099      0.407   -0.286    0.778        0.011    0.009    0.046
05:56:30.0   31   1.098      0.529    0.502    0.713        0.015    0.002   -0.027
05:57:00.0   31   1.098      0.539    0.012    0.951        0.016   -0.013    0.043
05:57:30.0   31   1.097      0.514   -0.322    0.333        0.008   -0.001    0.018
05:58:00.0   31   1.097      0.533   -0.316    0.766       -0.006   -0.001    0.044
05:58:30.0   31   1.096      0.380    0.170    0.643       -0.001    0.011    0.022
05:59:00.0   31   1.096      0.617    0.279    0.635       -0.007   -0.020    0.040
05:59:30.0   31   1.095      0.515    0.223   -0.039       -0.008   -0.012    0.024
06:00:00.0   30   1.170      0.404    0.284   -0.195       -0.000   -0.002    0.063
