Select Processing Mode:
1. GPS-Only SPP 
2. Multi-GNSS SPP (GPS/BDS/GAL)
Enter choice [1-2]: Step 1: Reading Navigation file...
Loaded 25907 navigation records.
Step 2: Reading Observation file...
------------------------------------------
Loaded 2880 epochs.
==========================================================
   MYGNSS10 SPP Processing (GPS Only)
   Time Filter: 02:00 - 06:00 (GPST)
   PDOP: Standard Geometric (Unweighted)
==========================================================
GPST Time    Ns   PDOP       dE(m)    dN(m)    dU(m)   VE(m/s)  VN(m/s)  VU(m/s)
02:00:00.0    8   1.950      1.316   -0.588    1.095   0.040    0.039   -0.123
02:00:30.0    8   1.946      1.025   -0.379    1.455   0.002    0.000    0.006
02:01:00.0    8   1.941      1.433    0.019    2.120   0.011   -0.001    0.023
02:01:30.0    8   1.937      1.536    0.458    2.929  -0.009    0.027    0.000
02:02:00.0    8   1.932      1.714   -0.462    1.177   0.012    0.006   -0.100
02:02:30.0    8   1.928      1.123   -0.737    1.429  -0.006    0.053    0.063
02:03:00.0    8   1.924      1.532    0.019    0.890   0.009   -0.071   -0.107
02:03:30.0    8   1.920      1.450   -0.472    1.144  -0.030   -0.093    0.025
02:04:00.0    8   1.916      1.126   -0.278    0.326  -0.014    0.007   -0.037
02:04:30.0    8   1.912      0.747    0.893    0.689  -0.028    0.003   -0.081
02:05:00.0    8   1.908      0.837    0.013    1.680  -0.025    0.044    0.111
02:05:30.0    8   1.904      0.899    0.844    2.386  -0.008    0.017   -0.071
02:06:00.0    8   1.901      1.433   -0.122    1.569  -0.057    0.036    0.163
02:06:30.0    8   1.897      1.112    0.668    0.599  -0.033   -0.019   -0.010
02:07:00.0    8   1.894      1.232   -0.616    2.721   0.005   -0.036   -0.103
02:07:30.0    8   1.890      1.445   -0.002    1.175  -0.072    0.044    0.039
02:08:00.0    8   1.887      1.631   -0.205    0.161  -0.017    0.021    0.084
02:08:30.0    8   1.884      1.235    0.133    1.067   0.035    0.041   -0.007
02:09:00.0    8   1.880      1.057    0.175    1.119   0.003    0.092   -0.041
02:09:30.0    8   1.877      0.520    0.063    0.138  -0.008   -0.027   -0.045
02:10:00.0    8   1.874      1.538   -0.249    1.448   0.027   -0.032   -0.020
02:10:30.0    8   1.872      1.209    0.263    1.971   0.039   -0.028   -0.127
02:11:00.0    8   1.869      1.797    0.248    2.663  -0.045    0.027   -0.003
02:11:30.0    8   1.866      1.441   -0.143    1.747   0.003    0.013   -0.034
02:12:00.0    8   1.863      1.253    0.190    1.291  -0.009   -0.010   -0.032
02:12:30.0    8   1.861      0.904   -0.020    0.348  -0.020   -0.036   -0.025
02:13:00.0    8   1.858      0.857    0.272   -0.364   0.020    0.003    0.038
02:13:30.0    8   1.856      1.325    0.205    2.337   0.006    0.037    0.050
02:14:00.0    8   1.853      1.123    0.415    0.289   0.073    0.039    0.067
02:14:30.0    8   1.851     -0.053    0.709    1.900  -0.024    0.037   -0.028
02:15:00.0    8   1.849      1.364   -0.263    3.170  -0.004   -0.036   -0.157
02:15:30.0    8   1.847      1.899   -0.077    3.067  -0.013   -0.024    0.011
02:16:00.0    8   1.845      0.980    0.399    1.690   0.011   -0.065    0.187
02:16:30.0    8   1.843      1.039    0.508    1.541   0.045   -0.048    0.074
02:17:00.0    8   1.841      1.788   -0.124    2.874  -0.031    0.084    0.065
02:17:30.0    8   1.839      1.317    0.125    1.007   0.014   -0.005    0.011
02:18:00.0    8   1.837      1.152    1.441    2.691  -0.020    0.027   -0.129
02:18:30.0    8   1.836      0.966   -0.247    1.259  -0.005   -0.027    0.074
02:19:00.0    8   1.834      1.097    0.135    1.804   0.012    0.057    0.042
02:19:30.0    8   1.832      1.166    0.500    2.460  -0.060    0.067   -0.023
02:20:00.0    8   1.831      0.969   -0.158    0.500  -0.039    0.027    0.047
02:20:30.0    9   1.625      1.412   -0.077    1.873  -0.037   -0.052   -0.023
02:21:00.0    9   1.624      1.511    0.982    1.447   0.051   -0.015    0.004
02:21:30.0    9   1.623      1.151   -0.169    1.335  -0.065    0.053   -0.114
02:22:00.0    9   1.621      1.772    0.298    1.610   0.038    0.014   -0.031
02:22:30.0    9   1.620      1.148    0.295    2.444   0.044   -0.011    0.078
02:23:00.0    9   1.619      0.874    0.807    1.615   0.019   -0.012   -0.021
02:23:30.0    9   1.618      1.281    0.471    0.615  -0.022    0.002   -0.031
02:24:00.0    9   1.616      1.411    0.928    2.123  -0.041    0.072   -0.066
02:24:30.0    9   1.615      1.459    0.524    1.516  -0.008   -0.036   -0.094
02:25:00.0    9   1.614      1.030    0.848    1.735   0.045   -0.066    0.067
02:25:30.0    9   1.613      1.923    0.714    0.960   0.015    0.016    0.095
02:26:00.0    9   1.612      2.088    0.154    0.963   0.006   -0.057    0.008
02:26:30.0    9   1.610      1.361   -0.177    0.719   0.071    0.011    0.083
02:27:00.0    9   1.609      1.582    0.782    1.619   0.041   -0.037   -0.188
02:27:30.0    9   1.608      1.815    0.243    1.665  -0.084   -0.017    0.026
02:28:00.0    9   1.607      2.323   -0.003    1.863  -0.065    0.098   -0.017
02:28:30.0    8   1.831      1.002    0.262    0.265   0.034   -0.004   -0.074
02:29:00.0    8   1.832      1.471    1.028    1.648   0.010    0.097    0.093
02:29:30.0    8   1.832      1.560    0.460    1.586   0.035   -0.035   -0.147
02:30:00.0    8   1.833      1.555   -0.090    0.760  -0.064   -0.031   -0.132
02:30:30.0    8   1.833      1.420    0.535    0.842  -0.033    0.031    0.112
02:31:00.0    8   1.834      1.787    0.377    1.975   0.000   -0.032   -0.016
02:31:30.0    8   1.834      1.463    0.684    1.818   0.035    0.016    0.002
02:32:00.0    7   2.381      2.044    0.042   -0.217  -0.036    0.057   -0.074
02:32:30.0    7   2.383      1.991   -0.447   -0.995  -0.053    0.097    0.120
02:33:00.0    7   2.385      2.375    0.008   -0.191   0.002    0.056   -0.025
02:33:30.0    7   2.387      2.570   -0.311   -0.324  -0.015   -0.005   -0.098
02:34:00.0    7   2.389      1.742    0.423   -1.011  -0.042    0.013   -0.023
02:34:30.0    7   2.391      1.895    0.404   -1.923  -0.007   -0.006   -0.029
02:35:00.0    7   2.393      1.552    0.007   -0.101   0.022    0.007   -0.015
02:35:30.0    7   2.395      2.043   -0.101   -1.053  -0.008    0.026    0.047
02:36:00.0    7   2.398      1.071    0.955   -0.001  -0.029    0.033    0.080
02:36:30.0    7   2.400      1.363    1.584   -1.136   0.023   -0.006   -0.104
02:37:00.0    7   2.402      1.411    1.377   -1.283  -0.013    0.024    0.073
02:37:30.0    7   2.404      1.406    0.406   -0.357  -0.013   -0.009   -0.057
02:38:00.0    7   2.406      1.576    0.418   -1.091   0.014   -0.076   -0.214
02:38:30.0    7   2.408      2.966    0.124   -1.680   0.050    0.029    0.239
02:39:00.0    7   2.410      1.612    1.165    0.457  -0.029    0.023    0.075
02:39:30.0    7   2.412      1.689    0.257    0.669   0.045   -0.010    0.179
02:40:00.0    7   2.414      1.706    1.345    0.281  -0.020    0.019    0.010
02:40:30.0    7   2.416      1.610    0.274    0.588  -0.004    0.015    0.153
02:41:00.0    7   2.418      1.782    0.088    0.335  -0.066   -0.015   -0.127
02:41:30.0    7   2.420      1.982   -0.036   -0.344   0.001    0.060    0.091
02:42:00.0    7   2.422      0.937    0.499   -0.354  -0.031   -0.095   -0.184
02:42:30.0    7   2.424      1.769    0.492   -1.068   0.014    0.045    0.154
02:43:00.0    7   2.426      1.378    0.450    0.392  -0.030    0.030    0.107
02:43:30.0    7   2.428      2.019    0.204   -0.136   0.004   -0.022    0.034
02:44:00.0    7   2.430      2.311    0.502   -0.930  -0.062    0.020   -0.208
02:44:30.0    7   2.431      1.441    0.138   -1.109  -0.024   -0.015   -0.123
02:45:00.0    7   2.433      1.217    0.759    1.150  -0.083   -0.066   -0.315
02:45:30.0    7   2.435      1.810   -0.646   -1.982  -0.003    0.080    0.012
02:46:00.0    7   2.437      1.796    0.457   -1.129  -0.031    0.010   -0.129
02:46:30.0    7   2.439      1.200    0.711   -0.348   0.016    0.001    0.075
02:47:00.0    7   2.440      0.654    0.209   -0.599  -0.021    0.020    0.045
02:47:30.0    7   2.442      1.309    0.644    1.268  -0.043   -0.014   -0.096
02:48:00.0    7   2.443      1.814   -0.423   -1.045  -0.064   -0.006    0.001
02:48:30.0    7   2.445      1.204    0.239    0.662  -0.039    0.002    0.004
02:49:00.0    7   2.447      1.125    0.404    0.922   0.002   -0.038   -0.102
02:49:30.0    7   2.448      1.947    0.515   -0.304  -0.019    0.016    0.096
02:50:00.0    7   2.449      1.915    0.509   -0.104  -0.015   -0.022    0.000
02:50:30.0    7   2.451      1.926   -0.047   -0.368   0.006   -0.009   -0.076
02:51:00.0    7   2.452      2.165    0.270   -1.303   0.035    0.009   -0.076
02:51:30.0    7   2.453      0.965    0.514   -2.387  -0.044    0.018   -0.053
02:52:00.0    7   2.454      2.083   -0.273    0.707   0.036   -0.046    0.037
02:52:30.0    7   2.456      1.719    0.348    1.121   0.003   -0.005    0.014
02:53:00.0    7   2.457      1.511   -0.136   -1.938  -0.007   -0.014    0.154
02:53:30.0    7   2.458      1.984   -0.286   -0.891  -0.023    0.028    0.020
02:54:00.0    7   2.459      2.194    0.098    1.654  -0.011    0.024   -0.020
02:54:30.0    7   2.459      1.830    0.628    0.731  -0.031    0.034    0.092
02:55:00.0    7   2.460      2.366    0.244    1.413  -0.027   -0.006    0.113
02:55:30.0    7   2.461      1.716    0.087   -0.602   0.010   -0.003    0.047
02:56:00.0    7   2.462      1.911   -0.168    0.234   0.030    0.004   -0.062
02:56:30.0    7   2.462      1.942    0.871   -0.260  -0.012   -0.023    0.182
02:57:00.0    7   2.463      2.017    1.365    0.773  -0.017    0.018   -0.071
02:57:30.0    7   2.463      1.408   -0.162    0.638  -0.011    0.027    0.118
02:58:00.0    7   2.464      1.405   -0.303   -0.862   0.015   -0.005    0.024
02:58:30.0    7   2.464      1.680   -0.002   -2.057  -0.027    0.001    0.081
02:59:00.0    7   2.464      2.064    0.273    0.431  -0.050   -0.010   -0.064
02:59:30.0    7   2.464      2.110   -0.062   -0.140   0.019    0.005    0.018
03:00:00.0    7   2.464      1.218    0.451   -1.811   0.002   -0.042    0.006
03:00:30.0    7   2.464      1.188   -0.770   -1.737  -0.035    0.021    0.004
03:01:00.0    7   2.464      1.670   -0.734   -2.550   0.052    0.015   -0.039
03:01:30.0    7   2.464      1.560   -0.064   -0.199   0.009   -0.012    0.003
03:02:00.0    7   2.464      0.577    0.303   -1.213  -0.017   -0.035    0.026
03:02:30.0    7   2.463      1.899    0.047   -1.292  -0.002   -0.039   -0.050
03:03:00.0    7   2.463      1.296   -0.195    1.285   0.036   -0.026   -0.005
03:03:30.0    7   2.462      0.690    0.074    1.222  -0.016   -0.015    0.003
03:04:00.0    7   2.462      0.854    0.164    0.568   0.033   -0.024    0.170
03:04:30.0    7   2.461      0.556   -0.837    1.208   0.007    0.023    0.026
03:05:00.0    7   2.460      1.295    0.396    1.029  -0.030   -0.024    0.066
03:05:30.0    7   2.459      1.361   -0.551   -0.620  -0.002    0.036   -0.022
03:06:00.0    7   2.458      0.845   -0.597   -0.267   0.039    0.003   -0.058
03:06:30.0    7   2.457      1.327   -0.731   -1.142   0.008    0.048    0.075
03:07:00.0    7   2.456      1.123   -0.006   -1.508  -0.029    0.037    0.043
03:07:30.0    7   2.455      1.008   -0.438    0.614   0.007   -0.050    0.090
03:08:00.0    7   2.453      1.407   -0.693    0.749   0.017    0.029    0.181
03:08:30.0    7   2.452      0.696    0.224   -2.339   0.027    0.059   -0.133
03:09:00.0    7   2.450      1.001    0.655   -1.326   0.001   -0.030   -0.134
03:09:30.0    8   1.923      1.286    0.235   -0.320  -0.012   -0.011    0.085
03:10:00.0    8   1.925      1.377   -0.227    0.926   0.008   -0.008    0.035
03:10:30.0    8   1.927      1.042   -0.652   -0.063   0.051   -0.078   -0.008
03:11:00.0    8   1.930      0.873   -0.853   -1.916   0.016   -0.047    0.040
03:11:30.0    8   1.932      1.284    0.371    1.906   0.020    0.001   -0.149
03:12:00.0    8   1.934      1.555    0.107    0.918  -0.019    0.032    0.031
03:12:30.0    8   1.937      0.965   -0.261    0.784   0.049   -0.046    0.059
03:13:00.0    8   1.939      0.550   -0.509   -0.763  -0.029   -0.003    0.064
03:13:30.0    8   1.941      0.989   -0.061    2.039  -0.006   -0.028   -0.015
03:14:00.0    8   1.943      0.724   -0.116    2.004   0.038   -0.075   -0.127
03:14:30.0    8   1.946      0.395    0.109    0.885   0.039   -0.036    0.010
03:15:00.0    8   1.948      1.011   -0.173    0.709   0.035   -0.003   -0.173
03:15:30.0    8   1.950      2.185   -0.272    0.096   0.048   -0.005    0.080
03:16:00.0    8   1.952      1.260   -0.305    0.462   0.024    0.001    0.169
03:16:30.0    8   1.955      0.503   -0.106    0.729  -0.032    0.040    0.065
03:17:00.0    8   1.957      1.712    0.582    1.359  -0.018    0.004    0.003
03:17:30.0    8   1.959      1.674    0.181    2.375   0.007   -0.027    0.010
03:18:00.0    8   1.961      0.809    0.355    2.058   0.000   -0.002   -0.159
03:18:30.0    8   1.963      0.509    0.027   -0.089  -0.047    0.018   -0.000
03:19:00.0    8   1.965     -0.014    0.190    1.982  -0.018    0.012    0.016
03:19:30.0    9   1.831      0.827    0.179    0.550  -0.000   -0.016   -0.029
03:20:00.0    9   1.833      0.917    0.103    2.617   0.041   -0.008    0.017
03:20:30.0    9   1.835      0.318   -0.504    2.360  -0.040   -0.024    0.000
03:21:00.0    9   1.838      0.519   -0.449    1.939  -0.033   -0.014    0.042
03:21:30.0    9   1.840      1.194   -0.452    1.819  -0.010    0.016   -0.076
03:22:00.0    9   1.842      0.764   -0.502    1.779   0.004    0.045   -0.091
03:22:30.0    9   1.844      1.176   -0.573    2.831  -0.040   -0.008   -0.024
03:23:00.0    9   1.846      0.552   -0.914    0.659  -0.078   -0.019   -0.018
03:23:30.0    9   1.848      0.519    0.008    2.047  -0.082   -0.047   -0.101
03:24:00.0   10   1.616      1.413   -0.548    2.612  -0.103   -0.097   -0.021
03:24:30.0   10   1.617      1.224   -0.172    0.911  -0.078   -0.031    0.122
03:25:00.0   10   1.618      1.401    0.080    1.056  -0.010    0.009    0.026
03:25:30.0   10   1.620      0.716    0.028    0.758  -0.036    0.005    0.049
03:26:00.0   10   1.621      0.571    0.141    2.400   0.013    0.005    0.000
03:26:30.0   10   1.623      1.365   -0.079    3.919   0.025    0.014    0.055
03:27:00.0   10   1.624      0.524    0.148    2.355  -0.058    0.060   -0.004
03:27:30.0   10   1.625      0.525   -0.227    1.209   0.020   -0.037   -0.009
03:28:00.0   10   1.627      1.333    0.138    2.176  -0.040    0.053   -0.011
03:28:30.0   10   1.628      1.712    0.005    2.638  -0.040    0.035    0.025
03:29:00.0   10   1.630      0.744   -0.358    1.811   0.002    0.024    0.001
03:29:30.0   10   1.631      0.651   -0.272    2.274  -0.042    0.009    0.017
03:30:00.0   10   1.632      1.076   -0.355    2.868   0.061   -0.040   -0.002
03:30:30.0   10   1.634      1.012   -0.544    1.726  -0.018    0.016   -0.071
03:31:00.0   10   1.635      1.049   -0.134    1.965   0.041    0.039   -0.048
03:31:30.0   10   1.636      1.392   -0.826    4.550  -0.025   -0.024   -0.017
03:32:00.0   10   1.638      0.942   -0.955    3.207   0.029    0.010    0.037
03:32:30.0   10   1.639      1.318   -0.747    3.663  -0.028    0.046   -0.026
03:33:00.0   10   1.640      0.550    0.238    1.622  -0.005    0.005   -0.013
03:33:30.0   10   1.642      0.932   -0.128    1.748   0.076   -0.010   -0.036
03:34:00.0   10   1.643      1.868   -0.922    2.115   0.024   -0.027   -0.070
03:34:30.0   10   1.644      1.241   -0.123    2.468   0.042    0.019    0.078
03:35:00.0   10   1.646      0.350   -0.063    1.530   0.034   -0.025   -0.019
03:35:30.0   10   1.647      0.814    0.065    2.362   0.035   -0.002   -0.057
03:36:00.0   10   1.648      1.515   -0.048    2.107  -0.023   -0.054    0.002
03:36:30.0   10   1.649      1.432    0.103    1.228   0.003    0.033   -0.017
03:37:00.0   10   1.650      1.168   -0.456    1.235   0.031   -0.060    0.093
03:37:30.0   10   1.651      1.400    0.106    1.389  -0.003    0.005   -0.053
03:38:00.0   10   1.653      0.683   -0.114    1.253   0.034    0.075    0.007
03:38:30.0   10   1.654      0.235    0.022    2.645  -0.004    0.005    0.044
03:39:00.0   10   1.655      0.999   -1.259    3.682  -0.017    0.062   -0.034
03:39:30.0   10   1.656      1.075   -0.543    1.621   0.000    0.010    0.087
03:40:00.0   10   1.657      1.300   -0.194    0.705   0.020    0.010    0.030
03:40:30.0   11   1.359      0.663   -0.037    1.355  -0.029    0.024   -0.049
03:41:00.0   11   1.362      0.528    0.389    1.351   0.019    0.001    0.036
03:41:30.0   11   1.365      0.329    0.136    1.470  -0.002   -0.027    0.070
03:42:00.0   11   1.368      0.787   -0.884    2.117  -0.041    0.042   -0.104
03:42:30.0   11   1.372      0.551   -0.429    1.755   0.030    0.023    0.048
03:43:00.0   11   1.375      1.040    0.097    1.575  -0.065    0.008    0.108
03:43:30.0   11   1.378      0.574    0.140    0.722  -0.017   -0.037    0.059
03:44:00.0   11   1.381      1.581   -0.246    2.377   0.025    0.008    0.052
03:44:30.0   11   1.383      1.451   -0.382    1.838   0.048   -0.040    0.030
03:45:00.0   11   1.386      1.209   -0.618    0.892  -0.026    0.009   -0.002
03:45:30.0   11   1.389      1.088    0.039    1.288   0.016    0.038    0.011
03:46:00.0   11   1.392      0.752   -0.407    3.118   0.024    0.033   -0.026
03:46:30.0   11   1.395      0.875   -0.090    2.042   0.006    0.015    0.031
03:47:00.0   11   1.398      1.580   -0.250    0.465   0.068    0.017   -0.078
03:47:30.0   11   1.400      1.443    0.381    1.169  -0.039   -0.020   -0.088
03:48:00.0   11   1.403      0.765   -0.006    0.686   0.008    0.002   -0.036
03:48:30.0   11   1.406      0.769    0.061    1.491   0.026   -0.059   -0.008
03:49:00.0   11   1.408      1.403   -0.060    0.849   0.010    0.011   -0.054
03:49:30.0   11   1.411      0.566   -0.024    1.617   0.031    0.017    0.056
03:50:00.0   11   1.413      0.887   -0.685    0.973   0.023   -0.012   -0.086
03:50:30.0   11   1.416      0.381   -0.217    2.242  -0.057    0.018   -0.047
03:51:00.0   11   1.418      0.457    0.361    0.996  -0.048    0.008    0.026
03:51:30.0   11   1.420     -0.304   -0.349    1.048   0.032    0.004    0.047
03:52:00.0   11   1.422      1.012    0.061   -0.093   0.000   -0.015   -0.006
03:52:30.0   11   1.425      1.130   -0.097    2.310   0.002   -0.004   -0.069
03:53:00.0   11   1.427      0.674    0.640    0.884  -0.021   -0.016    0.002
03:53:30.0   11   1.429      0.944    0.461    0.032  -0.028   -0.030   -0.000
03:54:00.0   11   1.431      0.588   -0.060    1.653  -0.000   -0.006   -0.048
03:54:30.0   11   1.433      0.549    0.059    1.971  -0.009    0.019    0.136
03:55:00.0   11   1.434      0.848   -0.298   -0.068  -0.029   -0.012    0.070
03:55:30.0   11   1.436      0.600   -0.318    1.711  -0.016   -0.039    0.119
03:56:00.0   11   1.438      0.662   -0.091    1.423  -0.005   -0.020    0.004
03:56:30.0   11   1.440      0.481   -0.155    1.120   0.008   -0.014    0.009
03:57:00.0   11   1.441      0.382   -0.220    1.511  -0.019   -0.022    0.027
03:57:30.0   11   1.443      0.367   -0.225    0.028  -0.011    0.001    0.053
03:58:00.0   11   1.444     -0.010    0.178    0.252   0.005   -0.025    0.002
03:58:30.0   11   1.445      0.477    0.130    1.010  -0.008   -0.053    0.074
03:59:00.0   11   1.447      1.089   -0.383    1.470   0.020    0.039   -0.041
03:59:30.0   11   1.448      0.927   -0.193    0.775  -0.004    0.022   -0.083
04:00:00.0   11   1.449      0.783    0.458    0.947   0.053    0.033    0.011
04:00:30.0   11   1.450      1.033   -0.097    1.546   0.017   -0.042   -0.046
04:01:00.0   11   1.451      0.099    0.032    1.834   0.048    0.006   -0.039
04:01:30.0   11   1.452      0.664    0.093    1.011   0.034   -0.062    0.077
04:02:00.0   11   1.453      0.725    0.365    1.189  -0.010    0.015    0.069
04:02:30.0   11   1.453      0.340   -0.027    2.245   0.017   -0.004   -0.017
04:03:00.0   11   1.454      0.722   -0.423    2.179  -0.044   -0.037    0.052
04:03:30.0   11   1.454      0.944    0.160    1.384  -0.004    0.024   -0.043
04:04:00.0   10   1.617      1.025    0.116    1.534   0.068   -0.029   -0.146
04:04:30.0   10   1.621     -0.008    0.522    1.127  -0.023   -0.015    0.012
04:05:00.0   10   1.624      1.255    0.565    0.751  -0.014    0.024   -0.095
04:05:30.0   10   1.627      0.687    0.595    0.506   0.011   -0.004   -0.003
04:06:00.0   10   1.631      0.506    0.925    0.668  -0.006   -0.010   -0.006
04:06:30.0   10   1.634      0.730    0.218    1.605   0.009    0.000    0.075
04:07:00.0   10   1.637      0.243    0.568    0.296  -0.002    0.033    0.005
04:07:30.0   10   1.640      0.835    0.400    1.616  -0.005    0.014   -0.040
04:08:00.0   10   1.643      0.014    0.543    1.580  -0.034    0.000    0.024
04:08:30.0   10   1.646      0.273    0.183    1.188  -0.017   -0.019    0.080
04:09:00.0   10   1.648      1.006    0.557    0.798   0.002   -0.011    0.130
04:09:30.0   10   1.651      0.338    0.892    0.823  -0.030   -0.053    0.050
04:10:00.0   10   1.654      0.732    0.612   -0.216   0.006    0.055   -0.156
04:10:30.0   10   1.656      0.368    1.250    0.574   0.019    0.017    0.164
04:11:00.0   10   1.659      0.588    1.090    1.120  -0.006   -0.036    0.074
04:11:30.0   10   1.661      0.746    0.701    1.026   0.016    0.026   -0.079
04:12:00.0   10   1.664      0.478    0.259    0.700   0.046    0.016    0.046
04:12:30.0   10   1.666      0.897    0.768    0.802  -0.011   -0.025   -0.009
04:13:00.0   10   1.668      0.436    0.705    0.871  -0.021   -0.011   -0.026
04:13:30.0   10   1.670      0.184    0.199    0.618  -0.006    0.000   -0.060
04:14:00.0   10   1.672      1.147    0.845   -1.331  -0.020    0.006    0.076
04:14:30.0   10   1.674      0.860    1.229   -0.548   0.016    0.064   -0.028
04:15:00.0   10   1.676      0.177    1.052    0.676   0.018    0.049   -0.111
04:15:30.0   10   1.677     -0.028    0.395    1.106   0.041    0.023    0.074
04:16:00.0   10   1.679      0.698    0.339    1.611   0.041    0.026   -0.087
04:16:30.0   10   1.680      1.314    1.070   -1.475  -0.041   -0.073    0.133
04:17:00.0   10   1.682      1.025    0.742    0.355   0.026   -0.006    0.007
04:17:30.0   10   1.683      0.386    0.645    0.307  -0.003    0.015    0.055
04:18:00.0   10   1.684      0.680    1.007    0.738  -0.054    0.044    0.022
04:18:30.0   10   1.686      0.777    0.629    0.631   0.019    0.035    0.035
04:19:00.0   10   1.687      0.069    1.049    1.245  -0.051   -0.007    0.204
04:19:30.0   10   1.688      0.896    0.711    1.094   0.006    0.019   -0.012
04:20:00.0   10   1.689      0.302    1.406    0.400  -0.015    0.006    0.025
04:20:30.0   10   1.689      0.679    1.437   -0.201   0.043    0.078    0.021
04:21:00.0   10   1.690      0.400    1.662   -0.960  -0.013    0.027    0.092
04:21:30.0   10   1.691      1.312    1.656    0.522   0.037   -0.009   -0.099
04:22:00.0   10   1.691      0.596    1.193   -1.519  -0.010    0.028    0.020
04:22:30.0   10   1.692      0.451    0.840   -0.973   0.004   -0.047   -0.110
04:23:00.0   10   1.692      0.625    0.413    0.559  -0.028   -0.021   -0.046
04:23:30.0   10   1.692      0.862    1.148   -0.575   0.019    0.014    0.010
04:24:00.0   10   1.692      0.396    1.438    0.345  -0.009   -0.016   -0.078
04:24:30.0   10   1.692      0.895    0.707   -1.080   0.044   -0.029   -0.005
04:25:00.0   10   1.692      0.783    1.112    0.255  -0.015    0.013   -0.010
04:25:30.0   10   1.692      1.160    1.128    0.891   0.011    0.011   -0.007
04:26:00.0   10   1.692      0.360    1.206    0.344   0.020    0.037   -0.046
04:26:30.0   10   1.692      1.412    1.227   -2.002  -0.011   -0.020   -0.051
04:27:00.0   10   1.691      0.207    0.706    0.971   0.011   -0.031   -0.024
04:27:30.0   10   1.691      0.664    1.285   -1.001   0.033   -0.039    0.036
04:28:00.0   10   1.690      0.280    0.747   -0.633   0.030    0.011    0.013
04:28:30.0   10   1.690      0.636    1.497   -2.683   0.012    0.002    0.064
04:29:00.0   10   1.689      0.064    0.738    0.211   0.040   -0.030   -0.060
04:29:30.0   10   1.688      1.182    0.425   -0.305   0.015    0.013    0.086
04:30:00.0   10   1.687      0.710    0.423    0.992  -0.029    0.009   -0.088
04:30:30.0    9   1.928      0.436    1.051   -1.248  -0.048    0.007   -0.068
04:31:00.0   10   1.664      0.475    0.432    0.889   0.071   -0.020   -0.186
04:31:30.0   10   1.667      0.860    0.057    0.734  -0.056   -0.035   -0.067
04:32:00.0   10   1.670      0.575    0.919    0.161   0.016    0.034   -0.088
04:32:30.0   10   1.673      0.323    1.118   -2.443  -0.030    0.020   -0.088
04:33:00.0   10   1.676      0.919    1.128   -1.161  -0.009    0.014   -0.107
04:33:30.0   10   1.679      0.345    1.167   -1.321   0.031    0.005   -0.010
04:34:00.0   10   1.681      0.007    0.321   -0.232   0.010    0.017    0.064
04:34:30.0   10   1.684      0.280    0.070    1.107  -0.042   -0.032   -0.171
04:35:00.0   10   1.687      0.220    1.169   -0.418  -0.037   -0.018   -0.017
04:35:30.0   10   1.689      0.013    0.781   -0.291  -0.065   -0.047    0.224
04:36:00.0   10   1.692      1.054    1.437   -1.928  -0.008   -0.017   -0.106
04:36:30.0   10   1.694      0.149    0.563    0.465  -0.007   -0.011    0.020
04:37:00.0   10   1.697      0.018    0.312    0.254  -0.019   -0.010   -0.066
04:37:30.0   10   1.699      0.545    0.368    0.491  -0.028   -0.040    0.053
04:38:00.0   10   1.701      1.057    1.022   -1.381  -0.000   -0.017    0.029
04:38:30.0   10   1.704      0.888    0.859   -0.273   0.033   -0.028   -0.031
04:39:00.0   10   1.706      1.137    0.891   -2.308  -0.010   -0.015    0.053
04:39:30.0   10   1.708      0.077    0.581   -1.306   0.034    0.027    0.100
04:40:00.0   10   1.710      0.626    0.532   -1.623   0.008   -0.003    0.081
04:40:30.0   10   1.711      0.154    1.064   -0.730   0.004   -0.052   -0.025
04:41:00.0   10   1.713      0.144    1.009    0.715   0.002   -0.029   -0.023
04:41:30.0   10   1.715      1.003    1.396   -1.701   0.022    0.029   -0.116
04:42:00.0   10   1.717      0.443    1.120   -0.513  -0.012   -0.024   -0.011
04:42:30.0   10   1.718     -0.039    1.135   -0.610  -0.009   -0.030    0.120
04:43:00.0   10   1.720      0.749    0.843   -0.606   0.005    0.038    0.028
04:43:30.0   10   1.721      0.945    1.139   -2.557   0.002    0.016    0.014
04:44:00.0   10   1.722      0.947    0.732   -0.432   0.005   -0.020   -0.015
04:44:30.0   10   1.723      0.057    0.986   -1.496   0.050    0.020   -0.086
04:45:00.0   10   1.724      0.122    0.463    0.417  -0.006    0.052    0.039
04:45:30.0   10   1.726      0.444    0.412    0.531  -0.002    0.029   -0.039
04:46:00.0   10   1.726      0.251    0.442   -1.792  -0.011    0.015   -0.048
04:46:30.0   10   1.727      0.453   -0.357   -1.107  -0.006   -0.030    0.014
04:47:00.0   10   1.728      0.706    1.058   -0.854   0.005    0.057   -0.238
04:47:30.0   10   1.729      0.699    0.786   -1.899  -0.018    0.004    0.042
04:48:00.0   10   1.729      0.017    0.415   -1.388   0.001    0.057   -0.131
04:48:30.0   10   1.730      0.450    0.462   -0.637   0.008    0.004   -0.112
04:49:00.0   10   1.730      1.238    1.658   -2.081  -0.021    0.025   -0.119
04:49:30.0   10   1.731      0.743    0.559   -1.005   0.027    0.022   -0.136
04:50:00.0   10   1.731      0.079    1.291   -1.102  -0.001   -0.003    0.070
04:50:30.0   10   1.731      0.512    1.215   -1.798   0.010    0.008   -0.211
04:51:00.0   10   1.731      0.658    0.752   -0.352   0.029    0.003    0.085
04:51:30.0   10   1.731      0.700    1.709   -1.182  -0.005    0.003   -0.020
04:52:00.0   10   1.731      0.112    0.630   -2.338  -0.005   -0.009    0.058
04:52:30.0   10   1.731      0.117    0.243   -0.387   0.001    0.011   -0.051
04:53:00.0   10   1.731      0.493    0.282   -0.616  -0.007    0.034   -0.041
04:53:30.0   10   1.730      0.290    1.089   -2.193  -0.005    0.057   -0.185
04:54:00.0   10   1.730      0.542    0.551   -1.539   0.018    0.032   -0.093
04:54:30.0   10   1.729      0.071    0.510    0.541  -0.008    0.014   -0.102
04:55:00.0   10   1.729      0.056    0.883   -1.490   0.004   -0.008    0.115
04:55:30.0   10   1.728      0.624    0.382   -0.378   0.027   -0.061    0.054
04:56:00.0   10   1.727      0.375    0.632   -1.443   0.012   -0.003    0.055
04:56:30.0   11   1.498      0.525    1.124   -1.249  -0.029    0.011    0.026
04:57:00.0   11   1.498      0.642    1.036   -0.738   0.045   -0.029    0.111
04:57:30.0   11   1.498     -0.041    0.536   -0.179   0.011   -0.009   -0.052
04:58:00.0   11   1.498      0.309    0.872    0.455  -0.000   -0.008    0.036
04:58:30.0   11   1.498      0.991    0.994   -0.100  -0.017   -0.005   -0.045
04:59:00.0   11   1.498      0.669    1.217   -0.033  -0.052    0.044   -0.047
04:59:30.0   11   1.498      0.407    1.285    1.176  -0.017    0.064   -0.025
05:00:00.0   11   1.498      0.663    1.526    0.242  -0.035    0.003   -0.005
05:00:30.0   11   1.498      0.585    0.762   -0.938   0.044   -0.059    0.116
05:01:00.0   11   1.497      0.284    0.719   -0.682   0.025   -0.005    0.001
05:01:30.0   11   1.497      0.539    0.792   -1.138   0.025    0.060   -0.074
05:02:00.0   11   1.496      0.175    1.441   -0.607   0.001   -0.001   -0.050
05:02:30.0   11   1.496      0.764    0.657   -0.894  -0.010   -0.052    0.101
05:03:00.0   11   1.495      0.585    0.754   -1.814  -0.014   -0.056    0.109
05:03:30.0   11   1.495      0.696    0.829   -2.145   0.022   -0.027    0.020
05:04:00.0   11   1.494      0.418    1.613   -1.353  -0.027    0.003    0.045
05:04:30.0   11   1.493      0.612    1.202   -0.418   0.008   -0.066    0.030
05:05:00.0   11   1.492      0.571    0.839    0.428   0.001   -0.018   -0.025
05:05:30.0   11   1.491      0.194    0.066    0.809   0.020   -0.057   -0.073
05:06:00.0   11   1.491      0.027   -0.114   -0.312  -0.038    0.050   -0.165
05:06:30.0   11   1.490      0.643    0.259   -2.167   0.022    0.052   -0.024
05:07:00.0   11   1.489      0.421    0.447   -1.172   0.044   -0.030   -0.140
05:07:30.0   10   1.808     -0.074    0.892   -3.129   0.006    0.036    0.002
05:08:00.0   10   1.807      0.376    0.828   -2.398  -0.029    0.011    0.021
05:08:30.0   10   1.807      0.470    0.708   -2.338  -0.052    0.024    0.037
05:09:00.0   10   1.806      0.370    0.188   -0.305  -0.006    0.046    0.031
05:09:30.0   10   1.806      0.579    0.758   -1.419  -0.016    0.046   -0.014
05:10:00.0   10   1.805      0.809    1.132   -3.896  -0.003   -0.007   -0.061
05:10:30.0   10   1.805      0.972    0.257   -2.114   0.003    0.056   -0.142
05:11:00.0   10   1.804      1.249    0.957   -3.797  -0.002   -0.043    0.146
05:11:30.0   10   1.804      0.423    0.570   -1.555   0.005   -0.024    0.093
05:12:00.0   10   1.803      0.444    1.024   -1.716   0.011   -0.022    0.127
05:12:30.0   10   1.802     -0.204    0.171   -1.581  -0.015    0.035   -0.020
05:13:00.0   10   1.801      0.604    0.755   -2.029   0.034   -0.066    0.266
05:13:30.0   10   1.800      0.363    0.886   -1.233   0.006    0.074   -0.120
05:14:00.0   10   1.800      0.117    0.767   -0.048  -0.016    0.067    0.018
05:14:30.0   10   1.799      0.714    0.638   -1.177   0.014    0.013    0.087
05:15:00.0    9   2.077      0.432   -0.372   -2.953  -0.003    0.048   -0.159
05:15:30.0    9   2.079      0.351    0.422   -3.740   0.013   -0.017    0.171
05:16:00.0    9   2.081      0.166   -0.312   -2.500   0.001   -0.028    0.137
05:16:30.0    9   2.083      0.443   -0.267   -1.263  -0.027    0.063   -0.202
05:17:00.0    9   2.084      0.898    0.357   -0.645  -0.033   -0.003    0.009
05:17:30.0    9   2.086      0.765    1.506   -1.626   0.014   -0.012   -0.050
05:18:00.0    9   2.087      0.455    0.353   -2.175   0.003   -0.016   -0.006
05:18:30.0    9   2.089      0.269    0.439   -2.241  -0.015    0.022   -0.085
05:19:00.0    9   2.090      0.201   -0.202   -4.226   0.001   -0.015    0.082
05:19:30.0    9   2.091      0.106   -0.631   -1.167   0.043   -0.006   -0.004
05:20:00.0    9   2.092      0.089   -0.059   -1.202  -0.002    0.048    0.064
05:20:30.0    9   2.093      0.537    0.533   -2.206   0.019   -0.004    0.083
05:21:00.0    9   2.094      0.239    0.291   -3.706   0.022    0.035    0.036
05:21:30.0    9   2.094     -0.013   -0.032   -2.034  -0.025   -0.022    0.042
05:22:00.0    9   2.095      0.184    0.761   -4.276   0.013    0.047    0.054
05:22:30.0    9   2.095      0.092    0.326   -3.721  -0.036    0.021   -0.018
05:23:00.0    9   2.095      0.624   -0.217   -3.393  -0.018    0.010    0.019
05:23:30.0    9   2.096      0.271   -0.174   -4.234   0.015    0.021   -0.024
05:24:00.0    9   2.096      0.462   -0.306   -3.025  -0.004   -0.030    0.116
05:24:30.0    9   2.096      0.313    0.347   -3.033   0.002    0.031   -0.012
05:25:00.0    9   2.096      0.089   -0.256   -3.315   0.008    0.018    0.013
05:25:30.0    9   2.095      0.567    0.646   -2.739   0.003   -0.000    0.037
05:26:00.0    9   2.095      0.100   -0.636   -1.369   0.001   -0.028    0.133
05:26:30.0    9   2.095     -0.002   -0.607   -1.918   0.007    0.056   -0.114
05:27:00.0    9   2.094      0.024   -0.111   -3.130   0.026   -0.038    0.083
05:27:30.0    9   2.094      0.266    0.061   -2.269   0.019   -0.002    0.040
05:28:00.0    9   2.093      0.506    0.766   -2.697  -0.010    0.075   -0.075
05:28:30.0    9   2.092      0.394    0.511   -1.102   0.016   -0.057    0.175
05:29:00.0    9   2.091     -0.399    0.122   -2.623   0.026   -0.027    0.094
05:29:30.0    9   2.090      0.006    0.312   -4.581   0.010   -0.022    0.016
05:30:00.0    9   2.089      0.410    0.970   -2.898  -0.009   -0.013   -0.158
05:30:30.0    9   2.088     -0.528    0.628   -1.673   0.008    0.026   -0.015
05:31:00.0    9   2.087      0.157    0.243   -3.168   0.032   -0.045   -0.101
05:31:30.0    9   2.085      0.690    0.336   -2.162  -0.006   -0.009    0.007
05:32:00.0    9   2.084      0.083    0.321   -2.348  -0.027   -0.012   -0.105
05:32:30.0    9   2.082     -0.089   -0.115   -2.403  -0.023    0.002   -0.006
05:33:00.0    9   2.081     -0.338   -0.249   -2.332   0.043   -0.004    0.064
05:33:30.0    9   2.079      0.158   -0.004   -0.929  -0.006   -0.040    0.068
05:34:00.0    9   2.077      0.106    0.697   -2.682   0.026    0.021   -0.027
05:34:30.0    9   2.075      0.057    0.349   -2.760   0.016    0.040   -0.073
05:35:00.0    9   2.073     -0.001   -0.153   -3.162  -0.004   -0.014   -0.088
05:35:30.0    9   2.071      0.079    0.671   -4.275  -0.001    0.003   -0.005
05:36:00.0    9   2.069      0.635    0.413   -0.103   0.006    0.014   -0.026
05:36:30.0    9   2.067     -0.354   -0.110   -2.792  -0.012    0.035   -0.066
05:37:00.0    9   2.065     -0.394    0.094   -3.226   0.031   -0.023    0.093
05:37:30.0    9   2.062      0.539    0.326   -1.195  -0.006   -0.029    0.008
05:38:00.0    9   2.060     -0.070    0.007   -0.638  -0.007    0.015   -0.056
05:38:30.0    9   2.058     -0.128    0.216   -1.919   0.020   -0.010   -0.012
05:39:00.0    9   2.055     -0.095   -0.087   -1.922   0.003    0.007    0.080
05:39:30.0    9   2.053      0.305   -0.122   -2.941  -0.006    0.011    0.043
05:40:00.0    9   2.050     -0.199    0.293   -3.214   0.009    0.003    0.052
05:40:30.0    9   2.047      0.347    0.623   -2.179  -0.005   -0.009    0.004
05:41:00.0    9   2.045      0.001    0.569   -1.860  -0.034   -0.062    0.030
05:41:30.0    9   2.042     -0.634    0.195   -0.504   0.020   -0.041   -0.011
05:42:00.0    9   2.039      0.198    0.430   -1.108  -0.014    0.035   -0.202
05:42:30.0    9   2.036      0.203    0.088   -0.542  -0.003   -0.021    0.097
05:43:00.0    9   2.033      0.250    1.075   -2.002   0.008    0.012   -0.138
05:43:30.0    9   2.030      0.004    0.466   -2.574   0.013    0.011    0.224
05:44:00.0    9   2.027      0.131    0.245   -2.896   0.009   -0.044   -0.036
05:44:30.0    9   2.024     -0.041    0.463   -1.705   0.005   -0.011    0.059
05:45:00.0    9   2.021     -0.419    1.060   -3.966   0.024    0.038   -0.063
05:45:30.0    9   2.018     -0.054    0.389   -1.146   0.002    0.018    0.002
05:46:00.0    9   2.015      0.017    0.198   -2.270   0.002    0.023   -0.067
05:46:30.0    9   2.012     -0.125    0.684   -2.738   0.014   -0.051    0.046
05:47:00.0    9   2.009      0.085    0.213   -3.791   0.043   -0.049   -0.035
05:47:30.0    9   2.006      0.203    0.139   -3.653  -0.014    0.031   -0.064
05:48:00.0    9   2.002     -0.527    0.794   -2.809  -0.001    0.034    0.020
05:48:30.0    9   1.999      0.015    0.288   -2.769   0.005    0.025   -0.033
05:49:00.0    9   1.996      0.149    0.692   -1.152  -0.005    0.003   -0.197
05:49:30.0    9   1.992     -0.069    0.646   -3.004  -0.021    0.036   -0.077
05:50:00.0    9   1.989      0.255    0.034   -2.276  -0.007    0.053    0.093
05:50:30.0    9   1.986     -0.177    1.064   -2.007  -0.008   -0.073    0.062
05:51:00.0    9   1.982      0.587    0.726    0.932  -0.005    0.024   -0.183
05:51:30.0    9   1.979     -0.636    0.497   -1.565  -0.004   -0.030    0.107
05:52:00.0    9   1.976      0.027    0.147   -0.534   0.004    0.020    0.000
05:52:30.0    9   1.972     -0.014   -0.269   -2.195   0.007   -0.027    0.067
05:53:00.0    9   1.969     -0.317   -0.007   -2.245   0.025    0.038   -0.020
05:53:30.0    9   1.965      0.043    0.779   -1.448  -0.017    0.031    0.036
05:54:00.0    9   1.962     -0.617    0.328   -1.512   0.016   -0.007    0.054
05:54:30.0    9   1.958      0.031    0.470   -2.399  -0.008    0.007    0.025
05:55:00.0    9   1.955     -0.044   -0.318   -2.018   0.007   -0.077    0.032
05:55:30.0    9   1.951      0.063    0.694   -2.380  -0.058    0.104   -0.170
05:56:00.0    9   1.948     -0.133    0.053   -2.799   0.003   -0.018    0.042
05:56:30.0    9   1.944     -0.520    1.749   -1.937  -0.034    0.061   -0.218
05:57:00.0    9   1.940     -0.249    0.871   -2.788   0.027   -0.003    0.092
05:57:30.0    9   1.937      0.350   -0.568   -1.846   0.021   -0.041    0.166
05:58:00.0    9   1.933      0.135   -0.804   -1.437  -0.023   -0.046    0.000
05:58:30.0    9   1.930     -0.087    0.399   -1.550  -0.008    0.021    0.058
05:59:00.0    9   1.926      0.005    0.462   -1.435  -0.030   -0.026    0.060
05:59:30.0    9   1.923     -0.202    0.100   -2.102  -0.028   -0.066   -0.010
06:00:00.0    9   1.919     -0.264    0.473   -1.517   0.003    0.019    0.035
